1 2
1 3
1 4
1 6
1 9
1 12
1 16
1 17
1 19
1 26
1 28
1 29
1 34
1 35
1 36
1 44
1 53
1 55
1 59
1 71
1 82
1 99
1 101
1 103
1 104
1 106
1 110
1 129
1 140
1 163
1 173
1 175
1 192
1 197
1 201
1 203
1 207
1 210
1 232
1 234
1 243
1 246
1 258
1 259
1 273
1 275
1 293
1 297
1 301
1 310
1 320
1 321
1 322
1 364
1 366
1 386
1 391
1 405
1 412
1 432
1 462
1 487
1 490
1 499
1 560
1 562
1 582
1 593
1 606
1 656
1 662
1 676
1 687
1 698
1 714
1 727
1 747
1 748
1 751
1 760
1 767
1 778
1 780
1 829
1 838
1 871
1 890
1 902
1 903
1 910
1 921
1 934
1 995
1 997
1 1019
1 1030
1 1043
1 1048
1 1061
1 1080
1 1084
1 1104
1 1105
1 1126
1 1135
1 1166
1 1177
1 1252
1 1258
1 1270
1 1277
1 1280
1 1284
1 1293
1 1309
1 1319
1 1327
1 1347
1 1400
1 1433
1 1592
1 1629
1 1665
1 1710
1 1775
1 1784
1 1797
1 1840
1 1845
1 1870
1 1894
1 1899
1 1904
1 1972
1 1988
1 2024
1 2105
1 2128
1 2192
1 2214
1 2219
1 2228
1 2238
1 2262
1 2271
1 2283
1 2297
1 2316
1 2323
1 2393
1 2475
1 2481
1 2551
1 2571
1 2637
1 2670
1 2698
1 2735
1 2750
1 2790
1 2799
1 2862
1 2883
1 2913
1 2915
1 2972
2 15
2 21
2 27
2 158
2 504
2 585
2 645
2 726
2 785
2 1210
2 1220
2 1497
2 1674
2 2175
2 2263
2 2536
2 2576
2 2740
2 2798
3 7
3 8
3 10
3 23
3 45
3 56
3 105
3 202
3 222
3 228
3 236
3 237
3 359
3 418
3 426
3 443
3 445
3 539
3 591
3 592
3 663
3 835
3 842
3 891
3 914
3 1069
3 1129
3 1222
3 1377
3 1390
3 1457
3 1502
3 1518
3 1585
3 2019
3 2145
3 2487
3 2669
3 2724
4 5
4 50
4 148
4 251
4 260
4 305
4 308
4 709
4 757
4 840
4 853
4 897
4 988
4 1026
4 1440
4 1738
4 2010
4 2046
4 2078
4 2164
4 2177
4 2179
4 2313
4 2477
6 179
6 362
6 381
6 431
6 664
6 667
6 772
6 866
6 1076
6 1556
6 1650
6 1998
6 2969
7 43
7 68
7 172
7 327
7 478
7 568
7 599
7 720
7 734
7 753
7 789
7 796
7 826
7 957
7 1035
7 1384
7 1526
7 1747
7 1772
7 1783
7 2123
7 2613
7 2823
8 14
8 18
8 20
8 42
8 60
8 76
8 102
8 109
8 116
8 136
8 141
8 156
8 220
8 229
8 239
8 399
8 423
8 437
8 509
8 510
8 601
8 642
8 996
8 1010
8 1016
8 1077
8 1155
8 1237
8 1250
8 1288
8 1403
8 1471
8 1473
8 1591
8 1680
8 1700
8 1703
8 1776
8 1793
8 1914
8 2031
8 2304
8 2469
8 2508
8 2634
9 54
9 289
9 430
10 11
10 13
10 31
10 52
10 67
10 69
10 83
10 85
10 100
10 149
10 159
10 268
10 274
10 286
10 318
10 325
10 355
10 444
10 468
10 484
10 590
10 699
10 814
10 876
10 981
10 1023
10 1168
10 1337
10 1344
10 1379
10 1387
10 1472
10 1487
10 1699
10 1741
10 1774
10 1895
10 1997
10 2055
10 2112
10 2167
10 2202
10 2221
10 2235
10 2274
11 39
11 70
11 87
11 151
11 292
11 361
11 491
11 930
11 1145
11 1265
11 1847
11 2382
11 2806
11 2869
11 2998
12 2003
12 2843
14 73
14 95
14 242
14 474
14 516
14 635
14 777
14 919
14 955
14 1541
14 1600
14 2671
15 40
15 1635
15 2278
16 184
17 1605
17 1616
17 1862
18 49
18 79
18 413
18 586
18 1248
18 1274
18 1736
18 1871
19 22
19 38
19 118
19 157
19 187
19 190
19 200
19 248
19 295
19 339
19 450
19 659
19 839
19 847
19 941
19 1186
19 1214
19 1543
19 1788
19 2249
19 2331
20 30
20 58
20 96
20 131
20 137
20 145
20 199
20 227
20 393
20 408
20 521
20 549
20 728
20 752
20 875
20 912
20 1101
20 1128
20 1194
20 1315
20 1391
20 1429
20 1802
20 1916
20 1936
20 2200
20 2322
20 2402
20 2581
20 2607
20 2715
21 495
21 712
21 1211
21 2829
22 24
22 25
22 47
22 64
22 78
22 80
22 89
22 135
22 152
22 165
22 254
22 435
22 537
22 724
22 946
22 958
22 1014
22 1216
22 1323
22 1990
23 37
23 41
23 57
23 63
23 86
23 132
23 133
23 138
23 170
23 183
23 188
23 191
23 230
23 263
23 299
23 329
23 334
23 374
23 376
23 439
23 457
23 492
23 526
23 555
23 638
23 639
23 684
23 697
23 725
23 817
23 923
23 1098
23 1100
23 1357
23 1408
23 1669
23 1671
23 1687
23 1692
23 1753
23 1754
23 1881
23 2007
23 2251
23 2354
23 2439
23 2617
23 2641
23 2700
23 2754
24 46
24 417
24 470
24 486
24 2568
26 66
26 146
26 400
26 678
26 980
26 2689
26 2882
26 2961
27 32
27 287
27 298
27 319
27 337
27 340
27 515
27 545
27 701
27 1118
27 1259
27 1386
27 1389
27 1395
27 1402
27 1858
27 2110
27 2211
27 2273
27 2303
27 2334
27 2594
28 81
28 309
28 465
28 633
28 1521
28 2133
28 2151
28 2611
29 33
29 88
29 267
29 269
29 316
29 523
29 625
29 686
29 691
29 811
29 1165
29 1324
29 1602
29 2234
29 2553
29 2847
30 153
30 180
30 559
30 598
30 1225
30 1296
30 1448
30 1576
30 1878
30 2038
30 2058
30 2080
31 72
31 313
31 563
31 620
31 677
31 718
31 735
31 945
31 1066
31 1493
31 1799
31 1817
31 2361
31 2893
31 2988
32 217
32 565
32 1441
32 1537
32 1836
32 2480
32 2486
32 2864
33 119
33 721
33 731
33 742
33 1683
34 193
34 1841
35 117
35 123
35 247
35 253
35 256
35 291
35 345
35 466
35 578
35 802
35 944
35 947
35 948
35 1006
35 1081
35 1106
35 1432
35 1597
35 1654
35 1729
35 1820
35 2037
35 2125
35 2153
35 2266
35 2567
35 2833
35 2995
36 92
36 331
36 1065
37 75
38 65
38 218
38 278
38 978
39 367
39 2512
40 48
40 283
40 433
40 631
40 1610
40 2006
40 2933
41 61
41 90
41 94
41 394
41 644
41 758
41 885
41 1097
41 1193
41 1534
42 139
42 150
42 1480
42 2198
43 98
43 341
43 520
43 774
43 1889
43 2684
44 1649
45 1368
45 1598
46 1245
46 1255
46 1581
46 1885
47 161
47 1637
47 2360
48 51
48 77
48 154
48 907
48 1071
48 1088
48 1554
48 1582
48 2563
48 2721
49 290
49 365
49 820
49 1289
50 74
50 91
50 1149
50 1892
50 2631
50 2887
51 261
51 370
52 113
52 155
52 169
52 176
52 312
52 389
52 527
52 1083
52 1169
52 1575
52 1976
52 2294
52 2511
52 2944
54 456
54 927
54 1045
54 1393
54 2918
55 1529
55 1668
56 126
56 189
56 244
56 245
56 395
56 594
56 609
56 940
56 1046
56 1356
56 1423
56 1679
56 1685
56 1855
56 1968
56 2209
56 2255
56 2497
56 2529
56 2761
56 2774
56 2819
57 272
57 908
57 2821
58 62
59 219
59 819
59 1979
59 2084
59 2534
60 115
60 225
60 233
60 733
60 956
60 1414
60 1655
60 2065
60 2664
60 2706
60 2719
62 241
62 249
62 266
62 833
62 1005
62 1823
62 2261
63 185
63 451
63 970
64 1551
64 2788
65 112
65 654
65 1425
65 2183
67 647
67 2187
67 2241
68 421
68 933
68 1072
68 1300
68 1361
68 1815
68 2062
69 198
69 372
69 556
69 883
69 1454
69 1882
69 2314
69 2914
70 122
70 332
70 357
70 392
70 801
70 1120
70 1694
70 2545
70 2888
70 2921
70 2965
72 773
72 1829
73 121
73 277
73 368
73 544
73 2143
73 2498
74 107
74 917
74 1003
74 1501
75 1181
75 1639
76 125
76 128
76 134
76 215
76 336
76 552
76 589
77 442
77 566
77 936
77 1156
77 1461
77 2324
77 3000
78 986
78 1937
79 84
79 114
79 214
79 755
79 1050
79 1506
79 1604
79 1915
79 1941
79 2089
79 2406
79 2744
79 2963
80 182
80 603
80 788
80 1073
80 1657
80 2564
80 2807
80 2840
80 2904
81 209
81 398
81 1863
81 2292
81 2317
81 2347
81 2403
81 2519
82 324
82 378
82 485
82 1262
82 1560
82 1570
82 2002
82 2147
82 2387
82 2852
83 93
83 489
83 1041
83 1397
83 1508
83 1731
83 1861
83 2989
84 177
84 424
84 640
84 1562
85 111
85 296
85 369
85 403
85 600
85 658
85 710
85 852
85 1970
85 2043
85 2388
86 238
86 872
86 2627
86 2752
86 2781
87 692
88 221
88 575
88 646
88 1074
88 1633
88 2088
88 2168
88 2667
88 2850
88 2966
88 2978
89 97
89 120
89 328
89 422
89 505
89 522
89 533
89 832
89 848
89 1024
89 1082
89 1217
89 1374
89 1494
89 1835
89 1925
89 2117
89 2160
89 2517
89 2813
90 803
90 1419
90 2232
90 2674
92 471
93 108
93 475
93 477
93 2162
94 130
94 160
94 181
94 503
94 1322
94 1742
94 1859
94 2083
94 2621
95 279
95 869
95 1844
95 2054
95 2766
96 2308
97 124
97 171
97 213
97 352
97 473
97 579
97 681
97 877
97 1027
97 1254
97 1625
97 1921
97 2290
97 2771
99 143
99 2023
100 142
100 512
100 1182
103 973
103 1479
103 1573
103 2053
103 2555
103 2982
104 894
104 1661
105 1369
106 349
107 1089
107 1278
108 1935
109 402
109 452
109 632
109 1568
109 2197
109 2404
109 2985
112 745
115 498
115 629
115 2583
116 127
116 178
116 375
116 1196
116 1213
116 1728
117 216
117 1064
118 508
118 595
118 815
118 931
118 1332
118 1451
118 1558
118 1631
118 1708
118 1737
118 1777
118 2050
118 2254
118 2343
118 2357
118 2386
118 2639
118 2755
119 1017
119 2289
121 144
123 195
123 204
124 1489
125 765
125 873
125 1486
125 2509
126 1426
126 2662
128 1764
129 282
129 454
129 547
129 569
129 1260
129 2138
130 411
130 519
130 596
130 2030
130 2142
131 162
131 164
131 167
131 905
131 987
131 1435
131 2005
131 2646
131 2924
132 683
133 240
133 2686
134 2148
134 2857
135 348
136 1439
136 1456
136 1798
136 2958
137 174
137 303
137 353
137 371
137 849
137 1465
137 1535
137 1850
137 1902
137 2339
137 2458
138 488
138 611
138 623
138 1897
139 2695
140 695
140 1172
140 2321
140 2849
140 2858
141 1721
142 196
142 300
142 440
142 994
142 1201
142 1375
142 1843
142 2401
142 2778
142 2899
143 147
143 186
143 224
143 416
143 641
143 680
143 851
143 2419
143 2442
143 2593
144 280
144 380
144 636
144 1123
144 1547
144 1571
144 1706
144 1827
144 1853
144 1875
144 1912
144 2141
144 2867
147 377
147 1025
149 252
149 410
149 1360
149 1495
149 1630
150 2506
151 2091
152 223
152 226
152 379
152 476
152 584
152 602
152 968
152 1431
152 1434
153 311
153 1719
153 1732
153 2687
154 942
154 1021
154 1212
154 2502
155 358
156 382
156 396
156 534
156 540
157 168
157 212
157 265
157 1942
157 2363
157 2394
157 2826
158 786
158 1146
158 1627
159 446
162 317
162 351
162 453
162 472
162 501
162 776
162 818
162 924
162 982
162 1108
162 1116
162 1334
162 1388
162 2450
162 2474
162 2797
162 2967
163 231
163 347
163 360
163 715
163 1209
163 2188
163 2777
164 622
164 739
164 834
164 1725
164 2410
164 2649
164 2815
165 166
165 1174
166 1040
166 1746
166 1807
166 2358
168 1813
169 743
169 1411
169 1656
169 1846
170 194
170 2248
170 2733
170 2877
172 419
172 649
172 1718
172 2267
173 211
173 738
173 1949
173 2085
174 1771
175 271
175 574
175 614
175 1268
175 1567
175 1611
175 1826
175 2203
176 1482
177 404
178 206
178 513
178 723
178 1162
179 984
180 373
183 2070
184 208
184 270
184 524
184 1092
184 1475
184 1877
184 2808
185 900
186 1269
186 1294
186 1743
186 1795
187 2359
187 2638
188 205
188 447
188 754
188 1058
188 1351
188 1352
188 1420
188 1455
188 1481
188 1643
188 1652
188 2559
189 1362
189 1552
189 1959
190 926
190 2478
191 882
191 1001
191 1179
191 1242
191 1590
191 2240
192 1103
192 1483
192 2951
195 1800
196 535
196 1470
197 493
197 831
197 2095
199 1485
199 2146
200 896
200 1261
200 1658
200 1909
200 2047
200 2837
200 2861
201 302
202 255
202 626
202 722
202 971
202 1299
202 1505
202 2156
202 2505
202 2830
203 541
203 1188
203 2258
204 354
204 861
204 1015
204 1339
204 1982
205 583
207 1160
207 1189
208 257
208 333
208 608
208 688
208 756
208 1947
208 2381
208 2416
209 2476
211 2333
212 481
212 1690
212 1905
212 2074
213 655
213 913
213 1766
214 976
214 1761
216 342
218 264
218 306
218 338
218 415
218 514
218 702
218 736
218 963
218 1133
218 1198
218 1231
218 1659
218 1934
218 2693
218 2859
218 2898
220 429
220 438
220 571
220 828
221 2984
222 262
222 326
222 1099
223 884
223 929
223 1200
223 1306
223 1514
226 673
227 250
227 671
227 1271
228 284
228 427
228 850
228 1583
228 2223
229 2017
229 2620
231 276
231 716
231 911
231 2931
233 235
233 1588
233 1789
234 304
234 898
234 1382
234 1407
234 1430
234 1574
234 1688
234 1891
234 2210
234 2977
235 1677
236 363
236 428
236 951
236 2132
237 502
237 836
237 1202
237 1286
237 1647
238 281
238 436
238 643
238 674
238 1364
238 1474
238 1638
239 1326
240 1320
242 497
242 580
242 795
242 1107
242 1787
242 1866
242 2041
242 2856
246 630
246 2149
246 2398
247 983
247 1615
247 2348
248 2643
249 2874
250 294
250 759
250 1096
251 597
251 806
251 2022
251 2237
251 2725
252 587
254 2602
256 1032
259 1372
260 409
260 506
260 928
260 1157
261 1404
261 2429
262 536
262 790
263 1834
266 822
266 1070
266 1621
266 1663
266 2554
266 2824
267 2184
269 346
269 679
269 771
269 813
269 1012
269 1673
271 1394
272 385
272 979
272 1007
272 1275
272 1524
273 323
273 525
273 530
273 546
273 572
273 1612
273 2981
276 800
277 2692
278 288
278 792
278 824
278 1321
278 2064
279 315
279 383
279 1330
279 1696
281 1122
281 2448
282 906
283 285
283 397
283 887
283 1857
283 1932
283 1989
283 2004
283 2616
284 441
284 827
284 966
284 2644
285 388
285 627
285 1144
286 307
286 707
287 517
287 804
288 459
291 893
291 999
291 1816
292 576
292 1548
292 1586
292 2657
293 335
294 634
295 564
295 1247
295 2471
298 314
300 344
300 2265
301 1691
301 2863
303 1956
304 554
304 713
304 2077
305 1438
305 2213
306 330
306 1951
306 2952
307 665
307 775
307 1020
307 1399
307 2229
309 548
309 1811
309 2069
310 762
310 1763
310 1939
311 401
311 458
311 666
311 901
311 1031
311 1195
311 1564
311 1814
313 1154
313 2318
314 967
314 1477
315 854
315 870
315 1579
316 2154
316 2423
316 2595
317 1880
318 550
318 1510
319 463
319 581
319 960
319 990
319 1114
319 1130
319 1786
319 2528
320 744
320 1569
321 2599
321 2996
325 1224
325 2035
325 2460
325 2513
325 2672
325 2765
325 2911
326 407
326 414
326 553
326 616
326 668
326 791
326 794
329 2118
330 2659
330 2804
331 567
331 985
331 1358
331 1821
333 1927
334 816
334 1173
334 1240
334 1931
334 2250
336 384
336 704
338 343
338 455
338 617
338 962
338 1281
338 1314
338 1715
338 1722
338 1886
339 511
340 650
340 865
340 2253
340 2936
341 390
341 558
341 700
341 706
341 812
341 1009
341 1028
341 1057
341 1559
341 2039
341 2236
341 2307
341 2397
341 2399
342 1191
342 2185
343 387
344 350
344 483
344 993
344 1207
345 356
345 637
345 1667
345 1818
345 1833
345 2127
345 2233
345 2682
347 705
347 1769
350 823
350 925
350 2748
352 2052
353 406
353 1651
353 1693
353 2411
355 434
355 529
355 2346
357 768
358 1401
360 1051
360 1208
360 1587
360 1662
360 2166
360 2926
361 518
361 1273
361 1620
361 1805
361 2181
364 1701
364 1993
370 1206
370 2309
371 899
371 1094
371 2109
372 782
372 880
372 1304
372 1447
372 2315
372 2770
373 1055
373 1542
374 542
374 2622
379 737
379 857
379 1241
379 1645
379 1760
380 2768
381 425
384 2242
384 2925
385 464
385 1290
385 2685
385 2960
387 1758
390 1359
390 1363
391 661
391 959
391 1143
391 1292
392 2547
392 2942
396 420
396 500
396 551
396 989
396 1660
396 2747
396 2758
396 2900
396 2903
398 2291
398 2782
400 657
400 2137
400 2720
402 479
402 652
402 1380
405 2812
409 448
409 507
409 675
409 797
409 1234
410 1929
411 469
411 610
411 992
411 2284
412 482
413 2485
417 561
417 669
417 719
417 1515
417 1584
417 1752
417 1838
417 2073
417 2340
417 2503
417 2728
417 2871
418 1090
420 1606
426 648
426 2067
426 2341
426 2524
427 653
432 557
433 708
434 1608
434 1910
434 2215
436 2282
436 2726
437 862
437 1509
437 2099
438 619
438 1607
438 1903
440 694
440 770
440 807
440 1851
441 496
441 2516
441 2991
442 449
442 1555
442 2472
442 2927
443 543
443 2008
443 2378
444 467
445 781
446 528
446 1282
446 1346
446 2275
447 787
448 494
448 531
448 538
448 830
448 1642
448 2605
449 461
449 1513
449 2199
450 1257
450 2121
450 2216
450 2385
450 2975
453 1601
453 2056
454 460
454 570
455 1417
455 1670
456 1962
456 2075
458 621
460 845
460 1067
461 1978
461 2601
462 624
463 805
465 1856
465 1954
466 868
466 1002
466 1499
466 2161
467 703
467 1185
467 2246
469 1464
469 2094
470 1047
470 1675
472 784
472 1923
474 696
474 1466
477 605
477 612
477 808
477 825
477 953
477 1013
477 1038
477 1215
477 2193
477 2366
477 2500
478 480
478 1147
480 682
480 1307
482 922
482 1183
482 1328
482 1953
482 2575
482 2791
483 711
483 2426
484 1974
485 1349
485 1531
485 1689
485 2060
485 2573
486 573
486 729
486 858
486 949
487 1238
487 2663
487 2717
488 588
488 1253
488 2020
488 2345
489 841
491 1907
494 2049
494 2937
497 886
497 1484
497 1806
500 1371
501 672
503 779
503 2286
504 844
504 916
505 935
510 2224
511 2098
514 1044
514 1111
514 2239
514 2633
518 618
518 1075
518 1664
518 1780
523 2668
524 1219
525 532
525 604
527 2218
529 577
530 2220
533 2201
535 628
537 2279
538 1302
543 1297
544 1171
544 2496
545 613
545 860
545 892
545 1131
545 1335
545 1459
545 1460
545 2683
545 2741
545 2839
546 2661
547 769
547 2051
548 685
548 904
548 1091
548 1370
548 1628
548 1918
548 2507
549 1533
550 879
550 2326
551 2523
553 1049
556 2650
557 651
557 2176
559 1018
559 1036
559 2552
560 1952
561 1112
561 1536
561 2950
564 1727
565 864
565 1405
565 2155
565 2207
567 1124
567 2417
568 859
568 909
568 1577
568 1926
569 1385
570 837
570 2194
570 2412
571 1054
572 607
572 1519
572 2400
574 1343
574 2298
574 2368
575 2707
577 2549
579 689
579 732
581 766
583 1804
585 809
585 1900
585 1948
586 2139
588 2718
589 920
589 1410
589 1740
589 1991
589 2191
590 1184
590 2338
591 660
591 693
591 749
591 1093
591 1267
591 1572
591 1759
592 937
592 1117
592 1353
592 2353
592 2832
592 2964
594 746
594 1613
594 1646
594 2356
597 856
598 2044
599 1110
599 1180
599 2459
599 2822
601 2456
602 1197
604 965
605 889
605 1011
605 1450
606 1244
607 1243
607 1860
608 799
608 2335
611 615
611 1192
611 2902
614 1229
614 1603
615 2608
616 764
616 2163
618 2021
619 670
619 1422
619 1532
619 2586
620 1233
620 1318
620 1527
620 2868
622 952
622 1705
622 1739
622 2587
622 2675
623 740
624 1034
626 810
626 1295
626 1724
628 2226
628 2955
631 1029
632 793
632 2538
633 1599
633 2245
633 2603
634 1263
634 1538
634 1849
635 1908
635 1981
635 2569
635 2879
637 969
637 1115
637 1733
641 1504
642 977
642 1409
646 938
646 2029
646 2319
648 2489
650 1178
652 783
652 975
652 1239
652 2259
652 2405
653 1150
653 2954
654 1980
654 2260
654 2301
659 1063
661 1436
663 1716
667 717
667 1446
667 2129
667 2364
667 2371
667 2391
667 2530
673 1312
673 1614
674 1175
674 1381
674 1832
675 2609
680 690
681 855
681 1159
682 1138
684 1062
684 1812
684 2124
684 2225
687 730
688 1986
691 1873
691 2625
692 2244
694 1790
694 1810
695 750
695 1285
697 1539
701 1852
702 763
703 2935
704 939
705 1004
705 1340
705 2699
707 991
708 881
708 1137
708 1376
708 1589
708 1640
708 1750
708 2045
708 2101
709 1227
714 1060
715 761
717 1682
717 1966
720 1540
720 2539
721 867
721 1000
722 1730
723 1256
724 2048
725 998
725 2916
730 843
730 1148
730 1496
730 1893
730 2614
730 2876
735 1396
736 1355
736 2959
737 741
737 2114
740 874
742 1086
742 2252
743 888
744 1350
744 1848
748 2076
750 798
754 1517
755 2853
756 1301
758 2548
759 972
759 974
759 1561
759 2716
759 2801
760 1345
760 2119
760 2369
760 2544
761 1333
761 1985
761 2270
761 2421
761 2433
762 878
762 1305
762 2465
764 2533
765 863
765 1785
767 1973
768 1476
769 1199
769 1303
769 1316
769 1365
769 1714
769 1977
772 915
772 2779
773 1879
774 1141
774 1488
774 1516
779 2300
780 1622
782 1152
782 1491
782 1492
782 2013
784 950
784 2092
784 2618
787 1119
789 1235
789 2434
791 2527
791 2878
792 1153
792 1975
793 1803
793 2102
793 2809
797 1331
804 1822
805 2831
808 1008
811 954
812 1246
812 1666
813 846
813 1971
813 2691
815 1291
818 821
818 1468
818 2493
821 2174
822 1546
824 1428
827 2082
829 1078
829 2466
831 1648
832 943
832 1218
832 2945
834 2762
837 1102
837 1342
837 2272
839 2795
841 1167
843 932
843 961
843 1022
843 1287
843 2425
843 2710
843 2727
845 1204
850 2962
851 1125
851 1338
851 1445
851 1969
851 2071
852 1113
852 1272
852 2087
852 2355
853 1469
854 895
854 1634
857 2785
861 1557
861 2025
861 2453
861 2522
867 2946
868 2016
869 2789
870 1230
870 2742
880 1522
880 2171
882 964
882 1462
883 1619
886 1042
890 1187
890 2783
891 2705
894 1056
894 2635
894 2842
895 918
896 2591
897 1958
897 2870
898 1039
898 1778
899 2580
901 1779
901 2938
902 1720
903 1161
903 1205
903 1228
903 1249
903 1530
903 1553
903 2115
903 2800
903 2912
904 1264
904 2630
904 2844
906 1226
906 1792
906 1938
906 2579
906 2986
907 1053
907 1412
907 1723
907 1955
910 1190
911 1898
911 2673
912 1348
912 1545
912 2424
916 1134
920 2001
924 1765
925 1964
925 2231
925 2464
926 1463
927 1415
927 1735
930 1467
934 1142
934 1528
937 1164
937 1232
937 1565
942 2678
943 1636
947 1734
947 1919
947 1944
947 2525
949 1748
949 2866
952 1317
952 2987
954 1221
954 2440
955 2479
961 1033
961 2703
962 1911
962 2000
962 2881
963 1170
963 1917
964 1059
965 1052
965 2463
966 2556
967 1308
967 2712
968 2144
969 1994
969 2566
969 2729
970 1151
971 2195
982 1427
986 2971
987 2690
988 1283
989 1512
989 2066
991 1236
991 1809
993 1136
994 1095
995 2793
996 1580
996 2760
997 1854
998 1596
1004 1132
1004 1139
1008 2836
1010 1325
1010 1773
1010 1842
1011 2435
1013 1704
1013 1996
1013 2269
1015 2592
1015 2679
1016 1068
1016 2169
1018 2296
1020 1617
1022 1087
1022 1109
1025 2034
1025 2106
1026 1037
1026 1452
1026 1626
1028 1762
1029 1279
1030 1158
1030 1373
1030 1712
1030 1867
1030 1913
1030 2009
1030 2828
1031 1924
1033 1416
1035 2907
1039 2090
1040 2061
1041 1127
1041 1864
1041 2890
1042 1121
1042 1223
1042 1566
1042 2097
1055 1079
1055 1163
1055 1406
1055 2532
1058 1945
1063 1085
1063 2327
1069 1421
1072 1781
1082 2015
1084 2432
1088 1449
1088 1678
1089 1203
1089 1490
1089 2135
1089 2390
1092 1623
1092 1831
1094 1176
1094 1641
1094 2892
1095 1906
1095 2558
1096 2909
1097 2287
1099 2036
1100 1298
1101 2772
1102 1329
1106 1276
1112 2468
1114 1140
1114 2470
1119 2526
1121 2997
1125 2011
1125 2845
1126 2131
1137 1940
1137 1960
1143 2159
1144 1801
1144 2436
1146 1828
1146 2122
1147 2344
1150 1523
1151 1311
1151 2182
1151 2377
1156 1707
1156 2739
1156 2860
1156 2895
1161 1544
1167 2518
1171 2172
1172 1756
1173 2093
1177 1520
1177 2647
1177 2816
1178 2494
1179 2040
1180 2449
1185 1507
1185 2441
1185 2577
1186 2709
1187 2510
1188 1266
1188 1709
1190 1749
1190 2293
1191 2457
1200 1444
1202 1378
1203 2081
1204 1336
1207 1398
1212 2120
1216 1595
1217 1413
1217 2217
1217 2640
1218 1745
1218 1946
1220 1824
1222 1383
1224 1367
1224 2438
1227 2373
1227 2968
1227 2980
1229 2380
1230 2186
1230 2919
1231 1503
1232 2723
1233 2749
1235 1695
1238 2560
1241 1453
1241 2431
1243 1251
1243 1313
1243 1644
1243 2787
1247 1437
1247 2227
1247 2520
1248 2014
1250 1782
1258 1525
1258 2570
1261 1418
1261 1744
1262 1341
1265 2306
1265 2820
1267 1653
1267 1876
1268 2204
1270 1310
1275 2574
1277 2028
1280 1442
1282 2299
1282 2420
1283 2817
1286 1717
1286 2408
1286 2409
1289 2158
1289 2906
1294 2086
1298 1443
1298 1550
1298 1624
1298 1676
1300 2212
1300 2444
1306 2370
1307 2738
1309 2276
1310 2026
1311 1366
1311 2362
1313 2814
1317 2116
1317 2495
1318 1713
1319 1424
1319 1830
1322 1354
1323 1686
1323 2230
1327 1796
1336 1757
1338 2994
1342 1458
1345 1819
1345 2610
1345 2932
1346 1511
1346 1808
1346 2407
1354 2483
1354 2585
1354 2763
1354 2865
1355 1392
1355 1791
1357 1578
1357 1872
1358 2384
1358 2940
1360 2976
1361 2096
1363 2068
1364 1498
1365 2786
1379 2374
1379 2827
1382 2535
1384 2247
1384 2841
1388 2072
1388 2311
1388 2604
1390 1593
1390 2104
1390 2350
1390 2623
1391 1594
1396 1711
1405 1839
1405 2656
1408 1478
1412 2734
1415 2455
1416 2277
1418 2983
1419 2681
1420 1884
1420 2461
1427 1995
1430 2446
1441 2126
1444 2848
1446 1999
1453 1825
1453 2180
1453 2908
1458 1943
1464 1770
1464 2063
1465 1984
1473 2042
1473 2805
1473 2953
1474 2565
1475 1896
1478 1500
1478 1890
1478 2328
1478 2514
1479 1563
1479 2736
1482 2189
1483 2598
1486 2336
1491 1684
1499 2352
1500 2330
1506 2108
1510 2383
1514 1868
1519 1549
1519 2280
1521 1632
1521 2157
1521 2767
1525 2152
1530 2349
1530 2873
1531 1618
1531 1794
1531 2454
1535 2654
1540 2658
1542 1901
1543 2743
1546 2773
1546 2928
1555 2677
1556 1698
1557 2834
1558 1697
1558 2818
1564 1950
1564 2491
1568 2655
1573 1609
1577 1920
1580 1865
1584 1702
1585 2103
1586 2059
1586 2894
1591 1681
1591 2018
1592 2759
1595 1922
1595 2973
1597 1672
1611 2372
1611 2666
1612 2310
1612 2956
1622 1987
1623 1751
1623 2632
1626 2796
1626 2993
1627 2027
1627 2910
1632 1726
1632 2205
1632 2745
1642 1930
1642 2332
1643 2546
1649 2701
1653 2329
1658 1887
1660 1755
1662 1767
1662 2325
1662 2541
1662 2572
1665 2134
1668 2490
1674 1928
1674 1963
1676 2648
1682 2413
1684 2208
1684 2467
1686 2886
1694 2482
1695 2722
1699 1837
1703 1957
1703 2624
1704 1883
1713 2504
1713 2540
1714 2295
1715 2032
1715 2732
1716 1768
1720 1983
1723 2653
1740 2111
1740 2281
1751 2730
1753 2542
1765 2113
1765 2897
1783 2130
1789 1933
1791 2100
1796 1874
1796 2140
1799 2702
1799 2880
1802 2268
1802 2337
1802 2825
1802 2979
1811 1869
1811 2612
1813 1965
1813 2462
1826 2619
1829 2170
1829 2889
1830 2696
1831 2557
1831 2596
1843 2288
1844 2150
1844 2737
1846 2342
1850 1888
1853 2178
1855 2033
1859 2264
1865 2584
1866 1961
1866 2422
1869 2872
1873 2365
1874 2312
1876 2079
1880 1992
1881 2531
1884 2427
1888 2680
1889 2846
1895 2629
1898 2751
1907 1967
1907 2445
1910 2811
1911 2802
1912 2285
1927 2012
1927 2057
1927 2414
1929 2320
1930 2589
1933 2415
1935 2645
1936 2484
1941 2746
1945 2389
1949 2949
1951 2930
1957 2492
1957 2550
1960 2582
1962 2206
1963 2792
1965 2784
1969 2396
2004 2443
2011 2999
2013 2173
2025 2196
2025 2891
2038 2810
2039 2107
2041 2256
2041 2488
2042 2302
2044 2305
2060 2243
2061 2222
2065 2708
2079 2375
2085 2190
2089 2376
2103 2136
2112 2543
2113 2367
2113 2713
2122 2165
2122 2597
2122 2943
2126 2418
2149 2521
2149 2901
2172 2757
2180 2676
2181 2884
2185 2428
2187 2803
2193 2501
2195 2769
2202 2665
2203 2590
2210 2660
2212 2704
2218 2642
2222 2854
2226 2452
2236 2257
2236 2838
2239 2430
2240 2851
2251 2588
2261 2885
2265 2929
2278 2731
2284 2756
2286 2351
2287 2437
2290 2628
2297 2447
2305 2753
2307 2379
2311 2626
2311 2970
2312 2600
2319 2941
2323 2948
2327 2537
2335 2835
2347 2606
2348 2562
2350 2451
2350 2714
2353 2499
2361 2711
2367 2392
2367 2395
2370 2636
2387 2561
2390 2615
2405 2473
2408 2780
2434 2694
2441 2992
2450 2697
2470 2515
2471 2776
2477 2794
2479 2775
2479 2974
2480 2990
2519 2578
2520 2688
2532 2875
2540 2905
2629 2651
2630 2855
2643 2939
2647 2652
2650 2764
2663 2923
2679 2922
2697 2957
2762 2896
2803 2920
2837 2947
2857 2917
2880 2934
