1 2
1 3
1 4
1 6
1 8
1 10
1 11
1 12
1 14
1 15
1 18
1 19
1 20
1 21
1 23
1 24
1 26
1 29
1 33
1 37
1 39
1 45
1 46
1 48
1 51
1 58
1 61
1 62
1 69
1 72
1 78
1 79
1 87
1 89
1 92
1 99
1 104
1 108
1 111
1 117
1 119
1 123
1 131
1 140
1 141
1 202
1 235
1 241
1 242
1 256
1 268
1 269
1 272
1 285
1 290
1 305
1 319
1 326
1 353
1 368
1 383
1 385
1 392
1 399
1 435
1 471
1 511
1 515
1 531
1 542
1 562
1 619
1 622
1 629
1 683
1 685
1 792
1 855
1 898
1 913
1 943
1 947
1 948
1 991
2 4
2 5
2 7
2 8
2 9
2 16
2 18
2 22
2 28
2 29
2 44
2 46
2 50
2 66
2 68
2 76
2 79
2 98
2 100
2 107
2 113
2 126
2 134
2 138
2 141
2 142
2 144
2 157
2 176
2 178
2 190
2 196
2 197
2 200
2 205
2 211
2 213
2 233
2 252
2 254
2 266
2 268
2 276
2 299
2 305
2 307
2 354
2 359
2 381
2 402
2 426
2 446
2 454
2 476
2 478
2 485
2 492
2 511
2 531
2 561
2 610
2 665
2 682
2 689
2 731
2 797
2 810
2 826
2 832
2 896
2 909
2 937
2 949
2 978
2 979
3 5
3 17
3 42
3 58
3 80
3 103
3 167
3 176
3 193
3 199
3 239
3 358
3 541
3 952
3 971
4 9
4 218
4 315
4 373
4 374
4 442
4 468
4 493
4 533
4 699
4 754
4 999
5 6
5 7
5 13
5 14
5 16
5 17
5 19
5 20
5 24
5 31
5 37
5 41
5 54
5 63
5 65
5 70
5 75
5 81
5 84
5 87
5 88
5 94
5 100
5 103
5 115
5 118
5 155
5 158
5 175
5 181
5 193
5 195
5 201
5 208
5 219
5 228
5 250
5 254
5 287
5 289
5 298
5 317
5 327
5 378
5 391
5 406
5 441
5 450
5 464
5 525
5 554
5 556
5 578
5 635
5 648
5 653
5 658
5 677
5 679
5 686
5 698
5 719
5 730
5 805
5 809
5 817
5 986
6 12
6 13
6 23
6 25
6 31
6 34
6 35
6 40
6 43
6 63
6 68
6 136
6 328
6 348
6 508
6 610
6 758
6 779
6 866
7 10
7 30
7 32
7 38
7 51
7 56
7 61
7 83
7 102
7 106
7 111
7 116
7 134
7 144
7 149
7 155
7 162
7 183
7 192
7 204
7 232
7 249
7 304
7 319
7 337
7 357
7 371
7 398
7 407
7 409
7 417
7 432
7 448
7 453
7 465
7 473
7 617
7 618
7 716
7 752
7 767
7 810
7 848
7 903
7 960
8 60
8 130
8 587
9 11
9 15
9 21
9 27
9 118
9 122
9 279
9 491
9 505
9 612
9 701
10 105
10 125
10 150
10 235
10 348
10 350
10 418
10 483
10 513
10 570
10 717
10 784
10 789
10 840
10 998
11 33
11 52
11 59
11 86
11 96
11 106
11 109
11 122
11 207
11 234
11 407
11 520
11 634
11 646
11 725
11 736
11 783
11 831
11 885
11 932
12 62
12 226
12 232
12 246
12 299
12 325
12 342
12 358
12 383
12 423
12 452
12 598
12 639
12 787
12 804
12 926
13 38
13 85
13 206
13 345
13 390
14 27
14 41
14 117
14 129
14 475
15 124
15 135
15 150
15 281
15 395
15 562
15 791
16 47
16 48
16 74
16 119
16 128
16 132
16 143
16 189
16 217
16 236
16 238
16 259
16 282
16 330
16 332
16 377
16 384
16 386
16 433
16 437
16 447
16 551
16 567
16 582
16 603
16 674
16 689
16 695
16 757
16 953
17 22
17 34
17 44
17 50
17 69
17 97
17 114
17 147
17 149
17 152
17 168
17 203
17 220
17 247
17 318
17 326
17 385
17 392
17 429
17 479
17 507
17 510
17 516
17 566
17 577
17 586
17 589
17 631
17 667
17 746
17 798
17 988
18 39
18 47
18 53
18 148
18 347
18 483
18 571
18 613
18 933
18 976
19 52
19 55
19 112
19 162
19 168
19 479
19 599
19 606
19 995
20 25
20 154
20 173
20 237
20 265
20 584
20 765
21 166
21 169
21 393
21 565
21 902
22 26
22 35
22 76
22 437
22 771
23 43
23 77
23 152
23 153
23 158
23 159
23 175
23 346
23 618
24 669
25 28
25 36
25 73
25 135
25 580
25 890
26 36
26 136
26 191
26 194
26 222
26 256
26 281
26 336
26 380
26 449
26 679
26 728
26 811
27 30
27 65
27 66
27 85
27 92
27 110
27 129
27 172
27 261
27 292
27 296
27 523
27 528
27 576
27 614
27 664
27 861
27 994
28 45
28 57
28 91
28 93
28 107
28 120
28 165
28 169
28 289
28 291
28 295
28 335
28 375
28 379
28 455
28 512
28 527
28 540
28 641
28 713
28 742
28 789
28 809
28 919
29 181
29 343
29 559
29 748
30 32
30 225
30 246
30 282
30 438
30 627
30 870
30 986
31 99
31 200
31 966
32 40
32 56
32 57
32 182
32 243
32 251
32 283
32 444
32 516
32 539
32 580
32 585
32 593
32 650
32 750
32 833
32 860
32 862
32 863
32 945
32 968
33 82
33 83
33 156
33 467
33 475
33 495
33 596
33 908
33 946
33 981
34 49
34 60
34 98
34 128
34 189
34 233
34 314
34 542
34 666
34 698
34 726
34 731
34 874
34 948
35 59
35 205
35 311
36 72
36 90
36 164
36 172
36 312
36 334
36 416
36 529
36 604
36 645
36 658
36 762
36 767
36 838
38 42
38 54
38 82
38 109
38 131
38 260
38 431
38 470
38 514
39 495
39 513
39 534
39 544
39 579
40 71
40 204
40 223
40 249
40 293
40 451
40 526
40 567
40 760
40 868
41 362
41 397
41 847
41 914
42 94
42 145
42 184
42 214
42 304
42 975
43 224
43 509
43 675
43 739
43 883
44 49
44 81
44 215
44 230
44 284
44 310
44 341
44 349
44 472
44 611
44 647
44 674
44 817
44 829
44 851
44 874
45 137
45 332
45 333
45 536
45 858
45 917
46 64
46 70
46 400
46 456
46 704
46 729
46 878
47 563
47 924
48 218
48 244
48 267
48 963
49 132
49 341
49 472
49 512
49 697
49 705
49 781
49 833
50 53
50 55
50 77
50 96
50 116
50 126
50 139
50 154
50 187
50 197
50 267
50 278
50 335
50 336
50 339
50 365
50 377
50 391
50 393
50 403
50 404
50 408
50 424
50 586
50 611
50 639
50 676
50 708
50 732
50 756
50 764
50 813
50 823
51 67
51 73
51 89
51 146
51 253
51 396
51 402
51 590
51 647
51 673
51 713
51 749
51 864
51 988
53 64
53 163
53 422
53 469
53 560
53 768
54 125
54 302
54 670
55 120
55 167
55 442
55 535
55 734
55 744
55 864
56 186
56 209
56 257
56 687
56 766
56 875
57 139
57 170
57 264
57 288
57 493
57 722
57 961
58 71
58 86
58 95
58 147
58 532
59 228
59 303
60 97
60 446
60 844
61 352
61 356
61 424
61 490
61 558
61 776
62 67
62 121
62 133
62 190
62 239
62 309
62 334
62 602
62 707
62 991
63 88
63 114
63 115
63 137
63 194
63 215
63 311
63 324
63 457
63 660
63 701
63 987
64 367
64 420
65 80
65 173
65 308
65 631
65 829
66 133
66 153
66 210
66 223
66 262
66 271
66 327
66 372
66 409
66 501
66 715
67 74
67 75
67 185
67 350
67 436
67 440
67 644
67 733
68 108
68 220
68 824
69 161
69 244
69 263
69 597
69 738
69 853
70 78
70 90
70 101
70 102
70 143
70 163
70 171
70 182
70 188
70 245
70 280
70 344
70 522
70 617
70 627
70 702
70 725
70 884
70 919
70 976
71 130
71 456
71 724
72 184
72 255
72 830
72 840
73 101
73 192
73 266
73 308
73 397
73 425
73 459
73 628
73 927
75 84
75 174
75 221
75 494
75 979
76 113
76 127
76 138
76 178
76 364
76 471
76 485
76 538
76 624
76 796
78 146
78 212
78 287
78 403
78 601
78 784
78 845
78 952
79 165
79 180
79 188
79 191
79 295
79 376
79 573
80 91
80 93
80 248
80 453
80 839
80 942
80 958
80 972
81 206
81 361
81 849
81 887
82 799
83 105
83 127
83 161
83 166
83 195
83 240
83 361
83 503
83 533
83 573
83 593
83 655
83 747
83 813
83 970
85 124
85 702
86 123
86 227
86 278
86 357
86 410
86 506
86 543
86 575
86 769
86 892
86 964
86 984
87 242
87 328
87 376
87 496
87 640
87 925
88 95
88 110
88 159
88 355
88 466
88 621
88 634
88 723
88 850
88 951
89 275
89 766
89 891
90 186
91 474
91 807
92 230
92 238
92 957
93 104
93 164
93 211
93 489
93 535
93 656
93 967
94 208
94 221
94 297
94 434
94 581
95 112
95 198
95 274
95 550
95 582
96 667
96 759
96 912
96 956
97 174
97 203
97 425
97 498
98 899
99 879
100 226
100 400
100 461
101 252
101 421
101 521
101 646
101 671
101 727
102 142
102 284
102 504
102 556
102 650
102 843
102 995
103 259
103 505
103 583
103 603
103 945
104 280
104 362
104 662
104 712
104 753
104 920
105 140
105 569
105 583
106 910
108 217
108 315
108 390
108 862
110 271
110 638
111 394
111 458
111 508
111 660
111 668
112 310
112 367
112 406
112 486
113 121
113 420
113 426
113 494
113 532
113 640
113 700
113 740
114 250
114 255
114 353
114 366
114 692
115 323
115 487
115 681
115 720
115 721
115 889
116 777
116 985
116 992
117 344
117 816
118 461
119 775
119 819
120 229
120 273
120 630
120 742
120 804
121 480
121 529
121 649
121 876
122 484
122 520
125 473
125 788
126 401
127 145
127 286
127 340
127 388
127 410
127 441
127 987
128 386
128 498
128 722
129 300
129 347
129 636
130 292
130 950
131 151
131 419
131 671
132 171
132 687
132 795
133 251
133 302
133 316
133 895
135 300
136 160
136 497
137 621
137 682
138 151
138 157
138 366
138 549
138 678
138 860
140 170
140 177
140 258
140 338
140 592
141 148
141 276
141 329
141 418
141 436
141 454
141 536
141 619
141 651
141 706
141 757
141 758
141 818
141 966
141 984
142 202
142 316
142 324
142 364
142 551
142 1000
143 303
143 587
143 786
143 907
143 936
143 971
144 179
144 183
144 301
144 427
144 944
144 998
145 387
145 388
145 760
146 199
146 309
146 507
146 649
147 160
147 430
147 481
147 489
147 886
148 156
148 443
148 482
148 776
149 270
149 380
149 595
149 637
149 642
149 706
149 723
149 755
150 253
150 480
150 500
150 572
150 772
151 245
151 275
151 351
151 413
151 756
152 439
152 825
152 970
153 408
153 486
153 955
154 432
154 654
154 704
155 247
155 320
156 262
156 884
157 185
157 434
157 688
157 839
158 270
158 455
158 502
158 566
158 601
159 177
159 396
159 411
159 419
159 445
159 718
159 827
159 888
160 544
160 918
161 213
161 231
161 279
161 343
161 672
161 907
162 359
162 521
163 261
163 881
164 422
164 600
165 870
166 306
166 384
167 272
167 523
167 550
168 941
170 337
171 234
171 632
172 180
172 922
173 179
173 210
173 414
173 699
174 277
174 306
174 331
174 363
174 423
174 844
175 339
175 576
175 676
175 894
176 240
177 209
177 265
177 373
177 503
177 825
177 980
178 187
178 258
178 592
178 806
178 933
179 201
179 866
180 369
180 826
181 680
182 225
182 623
182 659
182 791
183 198
184 395
187 433
187 751
187 903
188 518
188 754
189 248
189 444
189 447
189 539
189 589
191 219
191 354
191 412
191 452
191 785
192 196
192 371
194 214
195 858
195 912
195 934
195 981
197 318
197 381
197 462
197 616
197 690
199 285
199 906
200 237
201 820
201 935
202 212
202 229
202 264
202 273
202 320
202 476
202 598
202 892
204 224
204 236
204 283
204 330
206 207
206 231
206 298
206 451
206 605
206 923
206 942
207 216
207 286
207 413
207 438
207 526
207 812
208 624
210 216
210 222
210 269
210 333
210 370
210 458
210 588
210 904
211 312
211 510
211 525
211 820
215 314
217 321
217 349
217 540
218 241
218 340
220 288
220 291
220 415
220 490
220 738
220 743
220 859
222 227
222 465
222 615
223 260
223 774
223 980
224 375
225 378
227 243
227 500
228 445
228 726
228 782
229 296
229 463
229 644
229 694
229 746
229 815
232 740
232 965
233 387
233 463
233 477
233 953
234 744
234 882
234 906
235 338
235 581
235 672
235 835
236 293
236 716
236 777
238 614
238 669
238 793
239 257
240 290
240 294
240 389
240 499
240 538
240 559
240 596
240 620
240 834
240 869
241 313
241 355
241 675
241 842
242 501
242 779
242 930
242 954
243 342
243 478
243 645
244 661
244 747
244 824
245 607
246 405
246 684
246 733
247 448
247 561
247 931
249 594
250 382
250 427
250 773
250 997
251 325
251 528
252 323
252 394
252 470
252 548
252 939
253 374
253 661
253 836
253 902
254 450
255 506
256 867
259 616
259 680
262 263
264 274
264 574
264 787
264 879
266 277
267 399
269 301
270 462
270 977
271 429
271 431
273 635
274 294
274 414
274 466
274 686
274 780
274 975
275 369
276 554
276 750
278 321
278 382
278 515
278 659
278 794
278 830
279 307
280 313
280 459
281 491
281 770
282 322
282 546
282 751
282 759
282 763
282 774
283 297
284 416
284 705
285 474
285 552
285 636
285 665
286 678
287 398
287 518
287 565
287 964
288 457
288 584
291 331
291 352
291 762
291 938
292 368
292 555
292 625
292 872
293 881
294 389
294 928
294 951
296 443
296 464
296 715
296 849
296 861
296 972
297 317
297 360
297 439
297 537
297 599
297 734
300 412
301 545
304 428
304 487
304 546
304 564
304 623
304 709
304 710
304 819
305 609
305 908
307 497
307 547
308 430
308 555
309 585
311 322
311 696
311 785
313 356
314 648
318 781
318 828
319 460
319 932
320 467
320 718
320 814
320 846
320 887
321 329
322 735
323 800
326 838
328 564
329 440
329 720
331 522
331 852
332 560
332 703
333 405
333 837
334 372
334 421
334 492
334 685
335 345
335 708
335 806
336 346
336 969
337 622
338 643
338 788
340 524
340 545
340 730
340 878
341 370
341 488
341 663
341 850
342 411
342 568
344 670
344 857
345 351
345 553
345 877
347 915
349 360
349 575
349 629
349 794
350 753
350 815
352 904
354 484
354 863
355 477
355 502
356 363
356 404
356 602
356 736
356 889
359 365
360 821
360 959
361 741
362 417
362 482
362 802
362 822
363 615
363 875
363 882
364 481
365 435
365 795
369 683
370 608
371 401
373 428
373 691
373 808
373 901
375 871
376 620
376 883
377 625
377 633
377 977
378 379
378 509
378 662
379 935
379 957
380 848
381 468
381 763
382 653
384 415
384 727
384 871
385 963
386 588
386 857
386 965
388 893
388 918
393 469
393 607
394 594
395 549
395 577
395 745
396 605
396 852
398 880
399 872
400 652
407 460
407 557
407 782
408 496
408 628
408 962
409 632
409 796
409 873
410 664
414 488
416 530
417 805
420 541
420 657
421 873
422 572
423 449
423 519
423 563
423 732
423 924
424 524
424 591
426 717
427 552
427 655
427 961
428 719
430 803
431 941
432 761
432 989
436 900
436 915
439 700
439 835
442 801
442 999
443 514
443 712
443 790
449 798
450 956
450 967
451 537
452 868
453 569
455 517
455 534
455 568
455 773
455 841
455 928
456 770
457 927
462 834
462 930
463 856
464 958
465 693
465 769
465 847
467 652
467 710
467 761
468 527
468 637
468 666
470 548
470 571
470 604
470 654
470 792
470 911
473 597
473 799
474 499
475 543
475 846
475 937
475 940
476 853
482 630
483 574
484 517
484 962
485 504
485 641
485 656
486 547
486 973
488 724
490 690
496 739
497 606
497 811
497 876
498 558
500 905
502 578
506 519
508 831
508 922
511 613
511 677
512 595
514 993
516 626
516 983
517 940
518 693
519 865
520 711
522 553
522 651
522 737
522 845
522 910
523 901
525 818
525 842
527 775
528 691
528 954
529 530
530 996
536 696
539 812
539 869
539 949
541 570
541 688
542 780
542 828
546 590
546 626
546 801
549 931
551 994
554 557
554 579
555 911
560 663
562 600
564 707
564 982
567 714
570 673
570 854
570 947
570 974
572 728
572 741
572 923
573 633
573 657
573 989
577 642
582 591
582 612
582 755
582 890
588 608
590 743
591 609
591 996
592 800
594 737
599 885
601 638
603 729
605 684
605 721
608 843
610 692
613 765
614 709
614 808
614 917
616 783
617 735
619 827
622 711
622 859
624 772
625 703
626 748
627 643
632 694
632 851
632 1000
635 768
635 807
635 916
639 745
640 990
642 837
642 921
649 841
653 836
657 668
658 803
659 946
661 697
661 778
661 893
663 823
663 943
664 865
664 899
665 877
668 969
669 714
674 888
676 749
677 695
679 681
680 771
680 914
682 886
689 900
695 925
697 778
697 880
697 936
704 898
715 974
722 752
722 896
723 793
727 867
728 891
729 802
734 968
738 997
739 926
741 764
747 822
747 983
759 855
759 897
762 797
766 814
767 790
769 929
775 832
775 856
785 786
787 905
787 916
790 938
792 921
797 821
797 985
799 939
800 816
805 929
813 854
813 894
813 920
815 990
835 895
851 897
852 973
853 955
859 992
867 909
874 950
896 944
907 913
908 959
928 934
929 993
930 978
955 960
965 982
