1 2
1 3
1 4
1 6
1 8
1 10
1 11
1 12
1 14
1 15
1 18
1 19
1 20
1 21
1 23
1 24
1 26
1 29
1 33
1 37
1 39
1 45
1 46
1 48
1 51
1 58
1 61
1 62
1 69
1 72
1 78
1 79
1 87
1 89
1 92
1 99
1 104
1 108
1 111
1 117
1 119
1 123
1 131
1 140
1 141
1 202
1 235
1 241
1 242
1 256
1 268
1 269
1 272
1 285
1 290
1 305
1 319
1 326
1 353
1 368
1 383
1 385
1 392
1 399
1 435
1 471
1 511
1 515
1 531
1 542
1 562
1 619
1 622
1 629
1 683
1 685
1 792
1 855
1 898
1 913
1 943
1 947
1 948
1 991
1 1013
1 1017
1 1024
1 1064
1 1102
1 1114
1 1150
1 1170
1 1180
1 1185
1 1217
1 1232
1 1264
1 1291
1 1294
1 1322
1 1353
1 1425
1 1441
1 1477
1 1552
1 1623
1 1627
1 1651
1 1737
1 1812
1 1815
1 1843
1 1878
2 4
2 5
2 7
2 8
2 9
2 16
2 18
2 22
2 28
2 29
2 44
2 46
2 50
2 66
2 68
2 76
2 79
2 98
2 100
2 107
2 113
2 126
2 134
2 138
2 141
2 142
2 144
2 157
2 176
2 178
2 190
2 196
2 197
2 200
2 205
2 211
2 213
2 233
2 252
2 254
2 266
2 268
2 276
2 299
2 305
2 307
2 354
2 359
2 381
2 402
2 426
2 446
2 454
2 476
2 478
2 485
2 492
2 511
2 531
2 561
2 610
2 665
2 682
2 689
2 731
2 797
2 810
2 826
2 832
2 896
2 909
2 937
2 949
2 978
2 979
2 1077
2 1137
2 1143
2 1239
2 1246
2 1305
2 1309
2 1349
2 1355
2 1416
2 1418
2 1423
2 1451
2 1472
2 1510
2 1572
2 1601
2 1618
2 1647
2 1654
2 1671
2 1760
2 1776
2 1805
2 1844
2 1890
2 1906
2 1918
2 1929
2 1947
2 1951
2 1953
2 1955
3 5
3 17
3 42
3 58
3 80
3 103
3 167
3 176
3 193
3 199
3 239
3 358
3 541
3 952
3 971
3 1512
3 1693
3 1904
4 9
4 218
4 315
4 373
4 374
4 442
4 468
4 493
4 533
4 699
4 754
4 999
4 1400
5 6
5 7
5 13
5 14
5 16
5 17
5 19
5 20
5 24
5 31
5 37
5 41
5 54
5 63
5 65
5 70
5 75
5 81
5 84
5 87
5 88
5 94
5 100
5 103
5 115
5 118
5 155
5 158
5 175
5 181
5 193
5 195
5 201
5 208
5 219
5 228
5 250
5 254
5 287
5 289
5 298
5 317
5 327
5 378
5 391
5 406
5 441
5 450
5 464
5 525
5 554
5 556
5 578
5 635
5 648
5 653
5 658
5 677
5 679
5 686
5 698
5 719
5 730
5 805
5 809
5 817
5 986
5 1114
5 1135
5 1173
5 1220
5 1228
5 1229
5 1368
5 1414
5 1429
5 1536
5 1685
5 1699
5 1798
5 1813
5 1826
5 1844
5 1889
5 1901
5 1914
5 1935
5 1954
5 1992
6 12
6 13
6 23
6 25
6 31
6 34
6 35
6 40
6 43
6 63
6 68
6 136
6 328
6 348
6 508
6 610
6 758
6 779
6 866
6 1112
6 1331
6 1379
6 1426
6 1465
6 1525
7 10
7 30
7 32
7 38
7 51
7 56
7 61
7 83
7 102
7 106
7 111
7 116
7 134
7 144
7 149
7 155
7 162
7 183
7 192
7 204
7 232
7 249
7 304
7 319
7 337
7 357
7 371
7 398
7 407
7 409
7 417
7 432
7 448
7 453
7 465
7 473
7 617
7 618
7 716
7 752
7 767
7 810
7 848
7 903
7 960
7 1016
7 1071
7 1083
7 1101
7 1123
7 1154
7 1164
7 1310
7 1326
7 1348
7 1370
7 1415
7 1421
7 1444
7 1460
7 1537
7 1554
7 1597
7 1600
7 1626
7 1746
7 1761
7 1827
7 1962
7 1987
8 60
8 130
8 587
8 1001
8 1005
8 1632
8 1725
9 11
9 15
9 21
9 27
9 118
9 122
9 279
9 491
9 505
9 612
9 701
9 1121
9 1641
9 1946
10 105
10 125
10 150
10 235
10 348
10 350
10 418
10 483
10 513
10 570
10 717
10 784
10 789
10 840
10 998
10 1070
10 1211
10 1473
10 1515
10 1517
10 1599
10 1814
10 1986
11 33
11 52
11 59
11 86
11 96
11 106
11 109
11 122
11 207
11 234
11 407
11 520
11 634
11 646
11 725
11 736
11 783
11 831
11 885
11 932
11 1020
11 1054
11 1303
11 1560
11 1621
11 1740
11 1769
11 1991
12 62
12 226
12 232
12 246
12 299
12 325
12 342
12 358
12 383
12 423
12 452
12 598
12 639
12 787
12 804
12 926
12 1063
12 1486
12 1588
12 1652
12 1932
12 1958
12 1988
13 38
13 85
13 206
13 345
13 390
13 1168
13 1231
13 1431
13 1498
13 1810
14 27
14 41
14 117
14 129
14 475
14 1289
14 1428
14 1802
15 124
15 135
15 150
15 281
15 395
15 562
15 791
15 1717
16 47
16 48
16 74
16 119
16 128
16 132
16 143
16 189
16 217
16 236
16 238
16 259
16 282
16 330
16 332
16 377
16 384
16 386
16 433
16 437
16 447
16 551
16 567
16 582
16 603
16 674
16 689
16 695
16 757
16 953
16 1023
16 1060
16 1109
16 1140
16 1181
16 1254
16 1264
16 1377
16 1426
16 1531
16 1543
16 1631
16 1658
17 22
17 34
17 44
17 50
17 69
17 97
17 114
17 147
17 149
17 152
17 168
17 203
17 220
17 247
17 318
17 326
17 385
17 392
17 429
17 479
17 507
17 510
17 516
17 566
17 577
17 586
17 589
17 631
17 667
17 746
17 798
17 988
17 1014
17 1108
17 1273
17 1366
17 1375
17 1380
17 1445
17 1461
17 1532
17 1546
17 1692
17 1755
17 1781
17 1909
17 1928
18 39
18 47
18 53
18 148
18 347
18 483
18 571
18 613
18 933
18 976
18 1676
18 1783
18 1786
19 52
19 55
19 112
19 162
19 168
19 479
19 599
19 606
19 995
19 1015
19 1151
19 1781
20 25
20 154
20 173
20 237
20 265
20 584
20 765
20 1563
21 166
21 169
21 393
21 565
21 902
21 1109
21 1115
21 1214
21 1244
21 1419
21 1683
21 1695
22 26
22 35
22 76
22 437
22 771
22 1269
22 1661
22 1952
23 43
23 77
23 152
23 153
23 158
23 159
23 175
23 346
23 618
23 1010
23 1122
23 1241
23 1410
23 1842
23 1944
24 669
24 1581
25 28
25 36
25 73
25 135
25 580
25 890
25 1397
25 1908
26 36
26 136
26 191
26 194
26 222
26 256
26 281
26 336
26 380
26 449
26 679
26 728
26 811
26 1434
26 1529
26 1744
26 1758
26 1765
27 30
27 65
27 66
27 85
27 92
27 110
27 129
27 172
27 261
27 292
27 296
27 523
27 528
27 576
27 614
27 664
27 861
27 994
27 1045
27 1117
27 1244
27 1323
27 1814
27 1834
27 1906
27 1962
28 45
28 57
28 91
28 93
28 107
28 120
28 165
28 169
28 289
28 291
28 295
28 335
28 375
28 379
28 455
28 512
28 527
28 540
28 641
28 713
28 742
28 789
28 809
28 919
28 1089
28 1631
28 1663
28 1698
28 1810
28 1876
28 1907
29 181
29 343
29 559
29 748
29 1022
29 1694
29 1910
30 32
30 225
30 246
30 282
30 438
30 627
30 870
30 986
30 1162
30 1751
30 1851
31 99
31 200
31 966
31 1255
31 1434
32 40
32 56
32 57
32 182
32 243
32 251
32 283
32 444
32 516
32 539
32 580
32 585
32 593
32 650
32 750
32 833
32 860
32 862
32 863
32 945
32 968
32 1026
32 1258
32 1274
32 1275
32 1381
32 1557
32 1695
32 1954
33 82
33 83
33 156
33 467
33 475
33 495
33 596
33 908
33 946
33 981
33 1118
33 1324
33 1577
34 49
34 60
34 98
34 128
34 189
34 233
34 314
34 542
34 666
34 698
34 726
34 731
34 874
34 948
34 1296
34 1460
34 1553
35 59
35 205
35 311
36 72
36 90
36 164
36 172
36 312
36 334
36 416
36 529
36 604
36 645
36 658
36 762
36 767
36 838
36 1006
36 1192
36 1414
36 1419
36 1440
36 1452
36 1456
36 1670
36 1920
36 1970
38 42
38 54
38 82
38 109
38 131
38 260
38 431
38 470
38 514
38 1720
39 495
39 513
39 534
39 544
39 579
39 1470
40 71
40 204
40 223
40 249
40 293
40 451
40 526
40 567
40 760
40 868
40 1001
41 362
41 397
41 847
41 914
41 1191
42 94
42 145
42 184
42 214
42 304
42 975
42 1790
43 224
43 509
43 675
43 739
43 883
44 49
44 81
44 215
44 230
44 284
44 310
44 341
44 349
44 472
44 611
44 647
44 674
44 817
44 829
44 851
44 874
44 1223
44 1284
44 1607
44 1659
44 1770
44 1877
45 137
45 332
45 333
45 536
45 858
45 917
46 64
46 70
46 400
46 456
46 704
46 729
46 878
46 1396
46 1463
47 563
47 924
47 1012
47 1065
47 1197
47 1212
47 1295
47 1303
47 1584
48 218
48 244
48 267
48 963
48 1100
48 1644
49 132
49 341
49 472
49 512
49 697
49 705
49 781
49 833
49 1029
49 1322
49 1447
49 1493
49 1533
49 1850
49 1925
50 53
50 55
50 77
50 96
50 116
50 126
50 139
50 154
50 187
50 197
50 267
50 278
50 335
50 336
50 339
50 365
50 377
50 391
50 393
50 403
50 404
50 408
50 424
50 586
50 611
50 639
50 676
50 708
50 732
50 756
50 764
50 813
50 823
50 1095
50 1115
50 1371
50 1462
50 1592
50 1619
50 1800
50 1849
50 1900
50 1942
50 1943
51 67
51 73
51 89
51 146
51 253
51 396
51 402
51 590
51 647
51 673
51 713
51 749
51 864
51 988
51 1436
51 1464
51 1736
51 1812
51 1880
51 1933
51 1948
53 64
53 163
53 422
53 469
53 560
53 768
53 1015
54 125
54 302
54 670
55 120
55 167
55 442
55 535
55 734
55 744
55 864
55 1056
55 1075
55 1316
56 186
56 209
56 257
56 687
56 766
56 875
56 1003
56 1088
56 1102
56 1365
56 1506
56 1758
57 139
57 170
57 264
57 288
57 493
57 722
57 961
57 1183
57 1225
57 1384
57 1558
57 1703
57 1801
57 1820
57 1829
58 71
58 86
58 95
58 147
58 532
59 228
59 303
59 1190
60 97
60 446
60 844
61 352
61 356
61 424
61 490
61 558
61 776
61 1222
61 1625
61 1639
62 67
62 121
62 133
62 190
62 239
62 309
62 334
62 602
62 707
62 991
62 1497
62 1619
62 1711
62 1847
63 88
63 114
63 115
63 137
63 194
63 215
63 311
63 324
63 457
63 660
63 701
63 987
63 1111
63 1447
63 1481
63 1946
64 367
64 420
65 80
65 173
65 308
65 631
65 829
66 133
66 153
66 210
66 223
66 262
66 271
66 327
66 372
66 409
66 501
66 715
66 1059
66 1151
66 1318
66 1442
67 74
67 75
67 185
67 350
67 436
67 440
67 644
67 733
67 1189
67 1311
67 1399
67 1446
67 1515
68 108
68 220
68 824
68 1130
68 1330
68 1608
68 1756
68 1928
69 161
69 244
69 263
69 597
69 738
69 853
69 1073
69 1136
69 1158
69 1288
69 1398
69 1661
69 1673
69 1894
70 78
70 90
70 101
70 102
70 143
70 163
70 171
70 182
70 188
70 245
70 280
70 344
70 522
70 617
70 627
70 702
70 725
70 884
70 919
70 976
70 1052
70 1272
70 1357
70 1437
70 1504
70 1568
70 1754
70 1797
70 1998
71 130
71 456
71 724
71 1271
71 1334
72 184
72 255
72 830
72 840
72 1312
73 101
73 192
73 266
73 308
73 397
73 425
73 459
73 628
73 927
73 1172
73 1321
75 84
75 174
75 221
75 494
75 979
75 1006
75 1178
75 1497
76 113
76 127
76 138
76 178
76 364
76 471
76 485
76 538
76 624
76 796
76 1266
76 1865
77 1035
78 146
78 212
78 287
78 403
78 601
78 784
78 845
78 952
78 1030
78 1087
78 1428
78 1429
78 1500
78 1517
78 1528
78 1673
79 165
79 180
79 188
79 191
79 295
79 376
79 573
79 1028
79 1059
79 1243
79 1927
80 91
80 93
80 248
80 453
80 839
80 942
80 958
80 972
80 1132
81 206
81 361
81 849
81 887
82 799
82 1169
82 1623
83 105
83 127
83 161
83 166
83 195
83 240
83 361
83 503
83 533
83 573
83 593
83 655
83 747
83 813
83 970
83 1057
83 1174
83 1374
83 1514
83 1531
83 1625
84 1846
85 124
85 702
85 1236
86 123
86 227
86 278
86 357
86 410
86 506
86 543
86 575
86 769
86 892
86 964
86 984
86 1413
86 1564
87 242
87 328
87 376
87 496
87 640
87 925
87 1146
87 1160
88 95
88 110
88 159
88 355
88 466
88 621
88 634
88 723
88 850
88 951
88 1032
88 1111
88 1268
88 1309
88 1362
88 1422
88 1498
88 1511
88 1588
88 1596
88 1737
88 1996
89 275
89 766
89 891
89 1054
89 1299
89 1543
90 186
90 1004
90 1237
90 1296
91 474
91 807
91 1402
91 1724
92 230
92 238
92 957
92 1031
92 1391
92 1924
92 1963
92 1991
93 104
93 164
93 211
93 489
93 535
93 656
93 967
93 1282
93 1337
93 1343
93 1576
93 1604
93 1627
94 208
94 221
94 297
94 434
94 581
94 1605
95 112
95 198
95 274
95 550
95 582
95 1155
95 1169
95 1307
95 1439
95 1715
96 667
96 759
96 912
96 956
96 1395
96 1509
97 174
97 203
97 425
97 498
97 1131
97 1332
97 1476
97 1856
98 899
99 879
99 1761
100 226
100 400
100 461
100 1037
101 252
101 421
101 521
101 646
101 671
101 727
101 1019
101 1481
101 1540
102 142
102 284
102 504
102 556
102 650
102 843
102 995
102 1147
102 1302
102 1336
102 1535
102 1662
102 1803
103 259
103 505
103 583
103 603
103 945
104 280
104 362
104 662
104 712
104 753
104 920
104 1218
104 1257
104 1313
104 1530
104 1950
105 140
105 569
105 583
106 910
106 1135
106 1148
106 1226
107 1156
107 1576
108 217
108 315
108 390
108 862
108 1372
108 1593
110 271
110 638
110 1228
110 1925
111 394
111 458
111 508
111 660
111 668
111 1036
112 310
112 367
112 406
112 486
112 1062
112 1476
112 1660
112 1881
112 1912
113 121
113 420
113 426
113 494
113 532
113 640
113 700
113 740
113 1301
113 1362
113 1494
113 1499
113 1704
114 250
114 255
114 353
114 366
114 692
114 1809
114 1827
115 323
115 487
115 681
115 720
115 721
115 889
115 1100
115 1430
115 1700
115 1872
116 777
116 985
116 992
116 1298
116 1897
117 344
117 816
117 1241
117 1450
118 461
118 1340
118 1665
119 775
119 819
119 1562
119 1723
120 229
120 273
120 630
120 742
120 804
120 1836
121 480
121 529
121 649
121 876
121 1868
121 1949
122 484
122 520
122 1011
124 1706
125 473
125 788
125 1122
125 1961
126 401
126 1422
126 1846
127 145
127 286
127 340
127 388
127 410
127 441
127 987
127 1349
127 1375
128 386
128 498
128 722
129 300
129 347
129 636
130 292
130 950
130 1196
130 1975
131 151
131 419
131 671
131 1393
131 1858
131 1982
132 171
132 687
132 795
132 1492
132 1520
132 1742
132 1836
132 1905
133 251
133 302
133 316
133 895
133 1308
133 1892
135 300
135 1082
136 160
136 497
136 1067
136 1966
137 621
137 682
137 1091
137 1345
137 1579
137 1763
138 151
138 157
138 366
138 549
138 678
138 860
138 1044
138 1267
139 1023
140 170
140 177
140 258
140 338
140 592
140 1061
140 1212
140 1333
140 1571
140 1604
141 148
141 276
141 329
141 418
141 436
141 454
141 536
141 619
141 651
141 706
141 757
141 758
141 818
141 966
141 984
141 1068
141 1074
141 1140
141 1220
141 1539
141 1716
141 1833
141 1847
141 1880
141 1940
141 1944
141 1971
142 202
142 316
142 324
142 364
142 551
142 1000
142 1103
142 1319
143 303
143 587
143 786
143 907
143 936
143 971
143 1314
144 179
144 183
144 301
144 427
144 944
144 998
144 1201
144 1465
144 1556
144 1915
145 387
145 388
145 760
146 199
146 309
146 507
146 649
146 1033
147 160
147 430
147 481
147 489
147 886
148 156
148 443
148 482
148 776
148 1315
148 1973
149 270
149 380
149 595
149 637
149 642
149 706
149 723
149 755
150 253
150 480
150 500
150 572
150 772
150 1366
151 245
151 275
151 351
151 413
151 756
151 1317
151 1407
152 439
152 825
152 970
152 1230
152 1306
152 1802
153 408
153 486
153 955
153 1159
153 1491
154 432
154 654
154 704
154 1078
154 1096
154 1202
155 247
155 320
155 1985
156 262
156 884
156 1056
157 185
157 434
157 688
157 839
157 1356
157 1488
157 1729
158 270
158 455
158 502
158 566
158 601
158 1277
158 1478
158 1750
159 177
159 396
159 411
159 419
159 445
159 718
159 827
159 888
159 1234
159 1367
160 544
160 918
160 1204
160 1468
160 1524
160 1895
161 213
161 231
161 279
161 343
161 672
161 907
161 1028
161 1048
161 1297
161 1860
162 359
162 521
162 1287
162 1777
162 1922
163 261
163 881
163 1474
164 422
164 600
164 1046
164 1107
164 1218
164 1369
164 1440
164 1852
164 1857
164 1977
165 870
166 306
166 384
166 1049
166 1071
167 272
167 523
167 550
168 941
170 337
170 1285
170 1351
171 234
171 632
171 1329
171 1767
171 1853
172 180
172 922
173 179
173 210
173 414
173 699
173 1539
174 277
174 306
174 331
174 363
174 423
174 844
174 1094
174 1152
174 1643
174 1980
175 339
175 576
175 676
175 894
175 1815
176 240
176 1642
176 1969
177 209
177 265
177 373
177 503
177 825
177 980
177 1167
177 1838
178 187
178 258
178 592
178 806
178 933
178 1144
178 1217
178 1489
178 1595
179 201
179 866
179 1091
179 1163
179 1869
179 1933
180 369
180 826
180 1260
180 1807
181 680
181 1501
182 225
182 623
182 659
182 791
182 1080
182 1110
182 1472
182 1559
182 1686
183 198
183 1261
183 1455
184 395
185 1788
186 1506
187 433
187 751
187 903
187 1839
188 518
188 754
188 1684
189 248
189 444
189 447
189 539
189 589
189 1004
189 1074
189 1209
189 1774
191 219
191 354
191 412
191 452
191 785
191 1989
192 196
192 371
192 1550
193 1508
193 1542
193 1731
193 1739
193 1963
194 214
194 1002
194 1425
195 858
195 912
195 934
195 981
195 1052
195 1066
195 1399
195 1551
195 1668
195 1735
195 1786
197 318
197 381
197 462
197 616
197 690
197 1085
197 1262
197 1331
197 1775
198 1970
199 285
199 906
199 1650
199 1927
200 237
201 820
201 935
201 1896
202 212
202 229
202 264
202 273
202 320
202 476
202 598
202 892
202 1299
202 1601
202 1762
204 224
204 236
204 283
204 330
204 1138
204 1273
204 1391
204 1548
204 1581
206 207
206 231
206 298
206 451
206 605
206 923
206 942
206 1166
206 1466
206 1755
207 216
207 286
207 413
207 438
207 526
207 812
208 624
208 1230
208 1807
209 1333
210 216
210 222
210 269
210 333
210 370
210 458
210 588
210 904
210 1150
210 1433
211 312
211 510
211 525
211 820
211 1367
211 1813
211 1873
212 1689
212 1789
213 1902
214 1505
215 314
215 1958
217 321
217 349
217 540
217 1859
218 241
218 340
218 1104
218 1675
218 1854
219 1580
220 288
220 291
220 415
220 490
220 738
220 743
220 859
222 227
222 465
222 615
222 1182
222 1227
222 1246
223 260
223 774
223 980
224 375
225 378
226 1224
226 1572
226 1608
226 1828
227 243
227 500
227 1514
228 445
228 726
228 782
229 296
229 463
229 644
229 694
229 746
229 815
229 1346
229 1644
229 1674
232 740
232 965
232 1288
233 387
233 463
233 477
233 953
233 1252
233 1830
233 1940
233 1964
234 744
234 882
234 906
234 1191
234 1681
234 1773
235 338
235 581
235 672
235 835
235 1931
236 293
236 716
236 777
236 1596
236 1637
236 1682
238 614
238 669
238 793
238 1207
238 1606
238 1699
238 1748
238 1830
239 257
240 290
240 294
240 389
240 499
240 538
240 559
240 596
240 620
240 834
240 869
240 1223
240 1545
240 1595
240 1652
240 1658
240 1794
240 1825
240 1870
241 313
241 355
241 675
241 842
241 1193
241 1803
242 501
242 779
242 930
242 954
242 1125
242 1646
242 1983
243 342
243 478
243 645
243 1477
244 661
244 747
244 824
244 1026
244 1831
244 1888
244 1898
245 607
245 1318
246 405
246 684
246 733
247 448
247 561
247 931
247 1876
247 1923
248 1998
249 594
249 1018
249 1158
249 1352
249 1675
249 1783
250 382
250 427
250 773
250 997
250 1546
251 325
251 528
251 1086
251 1219
251 1320
251 1527
251 1570
251 1864
251 1900
252 323
252 394
252 470
252 548
252 939
252 1213
252 1484
253 374
253 661
253 836
253 902
253 1132
253 1233
254 450
254 1283
254 1526
255 506
255 1403
256 867
257 1039
259 616
259 680
259 1095
259 1252
261 1061
262 263
262 1014
262 1719
262 1884
263 1321
264 274
264 574
264 787
264 879
264 1206
264 1376
264 1501
264 1911
265 1099
266 277
266 1162
267 399
268 1090
269 301
270 462
270 977
270 1129
270 1976
271 429
271 431
273 635
273 1785
274 294
274 414
274 466
274 686
274 780
274 975
274 1720
274 1725
274 1778
274 1779
275 369
275 1795
276 554
276 750
276 1278
276 1939
277 1249
277 1365
278 321
278 382
278 515
278 659
278 794
278 830
278 1989
279 307
280 313
280 459
280 1078
280 1715
281 491
281 770
281 1536
281 1986
282 322
282 546
282 751
282 759
282 763
282 774
282 1662
283 297
283 1126
283 1170
283 1792
284 416
284 705
284 1067
284 1231
284 1417
284 1590
284 1819
285 474
285 552
285 636
285 665
285 1092
285 1196
285 1873
286 678
287 398
287 518
287 565
287 964
287 1055
287 1525
288 457
288 584
289 1340
289 1410
289 1473
289 1808
290 1262
291 331
291 352
291 762
291 938
291 1134
291 1186
291 1393
292 368
292 555
292 625
292 872
292 1500
292 1648
292 1938
293 881
294 389
294 928
294 951
294 1323
294 1329
294 1961
295 1796
296 443
296 464
296 715
296 849
296 861
296 972
296 1229
297 317
297 360
297 439
297 537
297 599
297 734
297 1037
297 1064
297 1265
297 1397
298 1361
300 412
300 1549
301 545
301 1396
301 1520
302 1216
302 1721
304 428
304 487
304 546
304 564
304 623
304 709
304 710
304 819
304 1128
304 1592
304 1764
304 1806
305 609
305 908
305 1188
307 497
307 547
307 1435
308 430
308 555
308 1357
309 585
309 1292
311 322
311 696
311 785
311 1591
311 1696
313 356
313 1017
313 1679
314 648
314 1979
315 1855
316 1279
318 781
318 828
318 1112
318 1488
318 1493
318 1495
318 1561
318 1949
319 460
319 932
319 1926
320 467
320 718
320 814
320 846
320 887
320 1328
320 1486
321 329
322 735
323 800
325 1083
325 1999
326 838
326 1123
326 1759
328 564
328 1764
329 440
329 720
329 1776
330 1058
330 1612
330 1716
331 522
331 852
332 560
332 703
332 1007
332 1891
333 405
333 837
333 1108
333 1339
334 372
334 421
334 492
334 685
334 1005
334 1104
335 345
335 708
335 806
335 1175
335 1253
335 1353
335 1469
335 1521
336 346
336 969
337 622
338 643
338 788
338 1127
338 1879
339 1292
339 1609
339 1990
340 524
340 545
340 730
340 878
340 1116
340 1304
340 1568
340 1574
340 1850
341 370
341 488
341 663
341 850
341 1345
341 1464
341 1769
341 1774
341 1926
342 411
342 568
342 1522
342 1702
343 1574
344 670
344 857
344 1545
344 1656
344 1883
344 1899
345 351
345 553
345 877
345 1669
345 1705
347 915
347 1408
347 1710
349 360
349 575
349 629
349 794
349 1025
349 1159
349 1409
349 1611
349 1805
350 753
350 815
350 1062
350 1383
350 1432
350 1480
352 904
352 1800
353 1113
353 1452
353 1684
354 484
354 863
355 477
355 502
356 363
356 404
356 602
356 736
356 889
356 1079
356 1199
356 1240
356 1285
356 1398
356 1756
356 1840
357 1201
357 1655
359 365
359 1084
360 821
360 959
360 1578
361 741
361 1239
361 1350
361 1766
362 417
362 482
362 802
362 822
362 1040
362 1290
362 1849
362 1875
363 615
363 875
363 882
363 1024
363 1142
363 1811
363 1891
364 481
364 1984
365 435
365 795
366 1540
368 1016
368 1319
369 683
369 1003
369 1411
369 1532
369 1912
370 608
370 1594
371 401
371 1312
372 1047
373 428
373 691
373 808
373 901
373 1995
375 871
375 1099
376 620
376 883
377 625
377 633
377 977
377 1183
377 1233
377 1646
378 379
378 509
378 662
378 1918
379 935
379 957
379 1097
379 1358
379 1411
379 1585
379 1678
380 848
380 1363
380 1616
381 468
381 763
382 653
384 415
384 727
384 871
384 1242
384 1479
384 1526
384 1617
384 1752
385 963
385 1042
385 1628
386 588
386 857
386 965
386 1502
388 893
388 918
388 1521
391 1139
391 1656
393 469
393 607
393 1185
393 1190
393 1256
393 1276
394 594
395 549
395 577
395 745
396 605
396 852
396 1205
397 1251
398 880
398 1257
399 872
399 1045
400 652
400 1096
400 1210
400 1809
401 1157
401 1462
402 1010
402 1663
402 1667
404 1401
406 1630
406 1730
407 460
407 557
407 782
408 496
408 628
408 962
408 1645
409 632
409 796
409 873
410 664
410 1166
410 1245
410 1747
411 1032
411 1274
412 1077
413 1936
414 488
414 1086
414 1697
415 1031
416 530
416 1221
417 805
420 541
420 657
420 1125
420 1194
421 873
421 1383
422 572
423 449
423 519
423 563
423 732
423 924
423 1295
423 1305
423 1369
423 1692
423 1745
423 1823
423 1834
423 1902
423 1950
424 524
424 591
424 1235
426 717
426 1599
426 1705
427 552
427 655
427 961
427 1197
427 1209
428 719
429 1002
430 803
430 1378
431 941
432 761
432 989
432 1697
434 1116
435 1457
435 1668
436 900
436 915
436 1060
436 1297
436 1380
436 1602
436 1746
439 700
439 835
442 801
442 999
442 1624
443 514
443 712
443 790
443 1070
443 1146
444 1845
447 1339
447 1806
449 798
450 956
450 967
450 1272
450 1420
450 1688
451 537
451 1278
452 868
453 569
454 1672
454 1714
455 517
455 534
455 568
455 773
455 841
455 928
455 1347
455 1586
456 770
457 927
457 1582
462 834
462 930
462 1917
463 856
463 1117
463 1182
463 1207
463 1364
463 1544
463 1573
463 1808
464 958
464 1105
464 1360
465 693
465 769
465 847
465 1443
465 1587
465 1793
465 1931
467 652
467 710
467 761
468 527
468 637
468 666
470 548
470 571
470 604
470 654
470 792
470 911
470 1856
470 1905
470 1983
471 1787
473 597
473 799
473 1457
474 499
474 1188
475 543
475 846
475 937
475 940
475 1630
475 1804
476 853
476 1418
477 1615
478 1238
478 1538
479 1227
479 1335
482 630
482 1338
482 1342
482 1773
483 574
484 517
484 962
485 504
485 641
485 656
485 1336
486 547
486 973
486 1271
487 1087
487 1977
488 724
488 1409
490 690
490 1959
491 1645
491 1868
495 1332
496 739
496 1270
496 1360
496 1436
496 1569
496 1831
497 606
497 811
497 876
497 1215
497 1614
497 1974
498 558
498 1459
498 1559
499 1225
499 1382
499 1709
499 1939
500 905
502 578
502 1610
503 1869
503 1909
504 1120
504 1550
506 519
507 1205
507 1466
507 1490
507 1636
508 831
508 922
508 1503
508 1943
509 1284
509 1326
509 1691
509 1723
510 1134
511 613
511 677
512 595
512 1341
514 993
515 1766
516 626
516 983
516 1093
516 1178
516 1708
516 1903
517 940
517 1029
518 693
518 1255
519 865
519 1438
519 1981
520 711
520 1475
520 1686
521 1035
522 553
522 651
522 737
522 845
522 910
522 1008
522 1009
522 1727
522 1835
522 1886
523 901
525 818
525 842
525 1092
525 1325
527 775
527 1373
527 1448
528 691
528 954
529 530
529 1254
529 1258
529 1406
530 996
532 1582
533 1883
536 696
537 1978
538 1270
538 1389
539 812
539 869
539 949
539 1614
539 1845
541 570
541 688
541 1007
541 1009
541 1893
542 780
542 828
542 1732
544 1153
545 1997
546 590
546 626
546 801
546 1184
546 1431
546 1741
546 2000
549 931
549 1267
549 1639
550 1133
550 1612
550 1713
551 994
551 1492
551 1552
551 1682
551 1957
551 1972
552 1372
552 1519
552 1747
553 1518
554 557
554 579
554 1148
555 911
558 1921
559 1984
560 663
561 1251
562 600
562 1038
562 1482
562 1936
564 707
564 982
565 1430
565 1674
566 1348
567 714
567 1328
567 1575
570 673
570 854
570 947
570 974
570 1124
570 1667
570 1718
572 728
572 741
572 923
572 1733
573 633
573 657
573 989
573 1069
575 1161
575 1677
577 642
578 1708
582 591
582 612
582 755
582 890
582 1044
582 1385
583 1748
584 1107
584 1317
584 1412
585 1247
586 1818
587 1076
587 1236
587 1413
587 1762
588 608
588 1036
588 1050
588 1826
588 1858
589 1848
590 743
590 1084
590 1311
591 609
591 996
592 800
594 737
594 1208
594 1657
595 1243
595 1712
595 1863
597 1082
597 1216
598 1021
598 1390
598 1577
599 885
599 1542
599 1555
600 1511
601 638
601 1033
601 1865
603 729
603 1030
604 1047
605 684
605 721
605 1707
607 1400
607 1490
608 843
608 1194
610 692
612 1208
612 1590
612 1683
612 1691
613 765
614 709
614 808
614 917
614 1008
614 1144
614 1335
614 1364
615 1176
615 1269
615 1468
615 1791
616 783
616 1179
616 1523
617 735
617 1605
618 1361
619 827
619 1518
620 1822
621 1119
622 711
622 859
622 1137
623 1379
623 1643
624 772
624 1316
625 703
625 1103
626 748
626 1530
627 643
627 1139
627 1504
627 1887
628 1771
630 1050
632 694
632 851
632 1000
632 1113
632 1405
632 1412
632 1666
632 1728
632 1957
634 1142
634 1388
635 768
635 807
635 916
635 1281
637 1857
639 745
639 1157
639 1275
640 990
641 1597
642 837
642 921
643 1394
644 1634
644 1790
645 1200
646 1069
649 841
651 1496
653 836
653 1012
653 1025
653 1072
655 1355
656 1127
656 1131
656 1541
657 668
657 1081
657 1437
658 803
658 1392
658 1861
659 946
659 1327
659 1344
659 1537
660 1048
660 1235
661 697
661 778
661 893
661 1042
661 1164
661 1385
662 1722
662 1951
663 823
663 943
663 1105
663 1155
663 1395
663 1487
663 1513
664 865
664 899
664 1522
665 877
665 1263
665 1710
668 969
668 1198
668 1910
668 1913
669 714
670 1629
673 1138
673 1507
674 888
674 1049
674 1174
674 1260
674 1293
674 1479
674 1618
674 1648
674 1680
674 1882
674 1896
675 1019
675 1043
675 1895
676 749
677 695
677 1533
678 1401
679 681
679 1181
679 1454
679 1586
680 771
680 914
680 1613
680 1728
680 1780
682 886
682 1038
682 1145
682 1290
682 1664
682 1971
684 1378
688 1534
689 900
691 1176
694 1749
695 925
697 778
697 880
697 936
699 1126
700 1478
700 1920
704 898
705 1598
705 1607
706 1753
706 1782
708 1098
708 1308
708 1972
709 1215
711 1106
711 1327
711 1368
711 1709
714 1081
715 974
715 1637
716 1693
722 752
722 896
722 1053
722 1153
722 1390
722 1629
722 1664
722 1811
723 793
723 1020
723 1638
725 1147
727 867
727 1507
728 891
728 1203
728 1438
728 1967
729 802
731 1484
734 968
736 1742
736 1993
738 997
738 1388
739 926
739 1389
740 1897
741 764
741 1496
742 1524
742 1835
743 1287
744 1063
744 1072
744 1823
747 822
747 983
747 1027
750 1547
751 1165
753 1018
753 1527
754 1068
755 1021
755 1276
755 1791
756 1039
758 1089
758 1734
758 1797
758 1935
758 1985
759 855
759 897
759 1011
759 1919
761 1129
761 1161
762 797
762 1065
762 1370
762 1512
764 1066
764 1767
764 1884
765 1968
766 814
766 1923
767 790
767 1647
769 929
769 1314
771 1485
773 1358
773 1955
774 1200
774 1988
775 832
775 856
777 1022
779 1325
779 1448
780 1214
780 1402
781 1187
781 1306
782 1386
782 1516
783 1354
785 786
786 1792
787 905
787 916
787 1051
787 1787
788 1265
788 1651
789 1136
789 1816
790 938
790 1934
791 1510
791 1689
792 921
794 1041
795 1073
797 821
797 985
798 1635
798 1649
799 939
799 1145
799 1165
799 1471
800 816
800 1495
805 929
806 1636
807 1175
807 1320
807 1547
807 1980
809 1163
810 1973
813 854
813 894
813 920
813 1304
814 1770
814 1908
815 990
815 1439
817 1744
818 1034
818 1467
818 1541
819 1128
823 1261
823 1565
823 1641
823 1841
826 1337
826 1852
828 1154
828 1222
832 1615
834 1057
834 1120
834 1141
834 1441
835 895
835 1992
838 1505
840 1556
840 1666
841 1094
842 1948
845 1717
847 1416
848 1193
848 1966
849 1347
850 1394
850 1714
851 897
852 973
852 1171
853 955
853 1300
853 1851
854 1281
854 1594
855 1356
858 1240
859 992
859 1119
859 1567
859 1600
859 1649
860 1192
861 1330
861 1917
862 1960
863 1313
864 1838
867 909
867 1784
869 1562
870 1307
870 1450
871 1324
871 1655
873 1688
874 950
875 1051
877 1351
877 1821
878 1259
879 1702
882 1622
882 1745
884 1046
884 1433
884 1535
884 1580
884 1987
885 1152
885 1502
891 1453
892 1870
893 1055
893 1975
896 944
896 1757
897 1040
898 1866
900 1554
901 1338
903 1041
904 1534
906 1687
906 1759
906 1882
906 1913
907 913
907 1294
908 959
908 1141
908 1219
908 1334
908 1352
908 1763
908 1799
908 1832
913 1499
914 1080
915 1587
916 1075
917 1266
917 1286
918 1053
921 1315
922 1563
923 1133
923 1621
923 1990
924 1097
924 1566
924 1862
925 1483
926 1659
928 934
928 1079
928 1729
928 1995
929 993
929 1603
930 978
931 1121
931 1298
931 1726
931 1871
933 1247
933 1818
933 1887
934 1280
935 1598
935 1819
936 1421
937 1760
938 1172
938 1300
938 1558
939 1677
940 1529
940 1638
941 1740
941 1968
942 1253
946 1408
946 2000
949 1302
949 1862
951 1996
954 1027
954 1168
955 960
955 1090
955 1930
957 1386
961 1250
964 1392
965 982
965 1279
966 1149
967 1841
968 1195
968 1565
969 1310
972 1034
972 1359
974 1184
975 1180
976 1459
977 1449
979 1777
980 1234
980 1263
982 1199
983 1381
984 1377
985 1210
986 1186
991 1593
992 1424
992 1785
994 1124
994 1204
994 1523
994 1861
996 1752
999 1653
1002 1735
1003 1406
1003 1669
1005 1657
1007 1013
1007 1407
1007 1483
1007 1904
1007 1941
1008 1076
1008 1544
1008 1579
1010 1960
1012 1519
1014 1088
1014 1249
1014 1959
1016 1149
1016 1665
1016 1829
1017 1242
1019 1879
1021 1043
1021 1143
1022 1118
1025 1404
1025 1557
1026 1453
1027 1591
1028 1475
1030 1195
1031 1432
1032 1101
1034 1341
1035 1160
1035 1250
1035 1442
1035 1451
1038 1420
1040 1566
1040 1848
1041 1177
1044 1085
1045 1167
1046 1177
1046 1213
1046 1824
1048 1583
1053 1058
1053 1259
1056 1713
1057 1130
1057 1232
1058 1173
1058 1732
1059 1611
1062 1098
1065 1106
1065 1221
1066 1171
1066 1779
1068 1293
1070 1346
1070 1718
1075 1892
1076 1187
1076 1248
1076 1435
1076 1772
1079 1093
1083 1633
1083 1945
1084 1286
1084 1456
1084 1833
1090 1226
1092 1427
1094 1202
1095 1110
1095 1387
1097 1743
1098 1238
1099 1371
1100 1993
1101 1854
1101 1860
1102 1570
1102 1628
1103 1283
1103 1654
1104 1359
1115 1248
1121 1203
1121 1687
1121 1839
1123 1749
1124 1289
1127 1282
1128 1680
1129 1551
1130 1404
1132 1427
1133 1384
1134 1449
1135 1485
1135 1934
1143 1503
1145 1206
1145 1584
1147 1376
1148 1513
1148 1620
1149 1613
1150 1211
1151 1198
1153 1156
1154 1363
1154 1741
1155 1179
1156 1798
1157 1301
1157 1469
1157 1548
1157 1937
1160 1670
1161 1455
1163 1458
1163 1470
1163 1899
1165 1256
1165 1974
1169 1403
1170 1707
1173 1922
1175 1189
1175 1291
1175 1681
1175 1712
1178 1237
1178 1245
1182 1342
1183 1894
1185 1343
1185 1726
1186 1750
1191 1585
1191 1942
1194 1736
1195 1268
1202 1487
1204 1224
1204 1650
1205 1843
1211 1642
1214 1350
1214 1941
1215 1549
1215 1622
1218 1778
1222 1480
1225 1508
1225 1634
1227 1344
1227 1509
1227 1564
1227 1754
1227 1982
1231 1817
1233 1816
1237 1374
1240 1382
1241 1373
1243 1280
1245 1824
1249 1872
1252 1701
1252 1799
1252 1929
1254 1635
1256 1871
1257 1575
1260 1620
1261 1277
1264 1703
1264 1804
1264 1855
1265 1424
1265 1528
1269 1489
1271 1660
1288 1727
1292 1616
1294 1417
1298 1701
1300 1730
1301 1482
1304 1653
1309 1571
1309 1832
1311 1633
1314 1617
1314 1853
1316 1795
1320 1354
1323 1454
1327 1578
1331 1387
1331 1768
1333 1446
1333 1624
1333 1863
1341 1445
1341 1690
1343 1405
1343 1765
1345 1916
1349 1573
1350 1463
1350 1491
1350 1874
1351 1560
1351 1945
1359 1976
1363 1768
1368 1423
1371 1415
1376 1632
1381 1924
1382 1640
1383 1903
1387 1724
1389 1471
1389 1609
1389 1796
1394 1589
1395 1780
1397 1864
1400 1753
1401 1840
1403 1444
1403 1775
1404 1461
1406 1516
1414 1474
1419 1567
1420 1458
1421 1555
1425 1734
1426 1538
1427 1782
1429 1603
1430 1443
1433 1866
1439 1569
1439 1719
1439 1878
1444 1711
1448 1640
1452 1877
1453 1553
1458 1606
1458 1700
1459 1721
1459 1837
1459 1967
1460 1494
1461 1893
1462 1467
1467 1561
1479 1817
1481 1602
1482 1801
1489 1771
1497 1867
1499 1739
1499 1788
1499 1820
1503 1738
1513 1698
1514 1956
1517 1938
1519 1610
1519 1704
1519 1875
1519 1916
1521 1874
1523 1678
1532 1583
1534 1825
1534 1969
1538 1733
1538 1885
1538 1932
1541 1690
1543 1626
1549 1772
1552 1685
1561 1672
1571 1679
1577 1731
1580 1842
1580 1994
1582 1888
1584 1589
1586 1901
1601 1676
1602 1885
1606 1881
1609 1937
1628 1828
1632 1671
1632 1743
1647 1914
1652 1706
1653 1789
1655 1890
1656 1999
1657 1859
1665 1696
1668 1793
1675 1694
1694 1921
1699 1722
1706 1981
1716 1757
1734 1965
1736 1867
1737 1738
1737 1821
1741 1956
1745 1978
1748 1751
1748 1997
1761 1907
1762 1898
1764 1784
1765 1837
1776 1930
1791 1886
1793 1794
1796 1822
1799 1952
1840 1965
1845 1889
1874 1915
1878 1919
1887 1911
1889 1964
1899 1979
1912 1947
1950 1953
1978 1994
