1 2
1 3
1 4
1 6
1 8
1 10
1 11
1 12
1 14
1 15
1 18
1 19
1 20
1 21
1 23
1 24
1 26
1 29
1 33
1 37
1 39
1 45
1 46
1 48
1 51
1 58
1 61
1 62
1 69
1 72
1 78
1 79
1 87
1 89
1 92
1 99
1 104
1 108
1 111
1 117
1 119
1 123
1 131
1 140
1 141
1 202
1 235
1 241
1 242
1 256
1 268
1 269
1 272
1 285
1 290
1 305
1 319
1 326
1 353
1 368
1 383
1 385
1 392
1 399
1 435
1 471
1 511
1 515
1 531
1 542
1 562
1 619
1 622
1 629
1 683
1 685
1 792
1 855
1 898
1 913
1 943
1 947
1 948
1 991
1 1013
1 1017
1 1024
1 1064
1 1102
1 1114
1 1150
1 1170
1 1180
1 1185
1 1217
1 1232
1 1264
1 1291
1 1294
1 1322
1 1353
1 1425
1 1441
1 1477
1 1552
1 1623
1 1627
1 1651
1 1737
1 1812
1 1815
1 1843
1 1878
1 2040
1 2065
1 2113
1 2157
1 2158
1 2164
1 2171
1 2241
1 2252
1 2299
1 2317
1 2340
1 2397
1 2401
1 2487
1 2506
1 2513
1 2517
1 2522
1 2537
1 2681
1 2758
1 2800
1 2812
1 2871
1 2894
1 2899
1 2930
1 2933
1 2936
1 2937
1 2940
1 2948
1 2973
1 2992
1 3044
1 3062
1 3067
1 3100
1 3143
1 3219
1 3232
1 3234
1 3250
1 3331
1 3357
1 3419
1 3476
1 3494
1 3511
1 3767
1 3771
1 3809
1 3895
1 3902
1 3934
1 3945
1 3954
1 3999
2 4
2 5
2 7
2 8
2 9
2 16
2 18
2 22
2 28
2 29
2 44
2 46
2 50
2 66
2 68
2 76
2 79
2 98
2 100
2 107
2 113
2 126
2 134
2 138
2 141
2 142
2 144
2 157
2 176
2 178
2 190
2 196
2 197
2 200
2 205
2 211
2 213
2 233
2 252
2 254
2 266
2 268
2 276
2 299
2 305
2 307
2 354
2 359
2 381
2 402
2 426
2 446
2 454
2 476
2 478
2 485
2 492
2 511
2 531
2 561
2 610
2 665
2 682
2 689
2 731
2 797
2 810
2 826
2 832
2 896
2 909
2 937
2 949
2 978
2 979
2 1077
2 1137
2 1143
2 1239
2 1246
2 1305
2 1309
2 1349
2 1355
2 1416
2 1418
2 1423
2 1451
2 1472
2 1510
2 1572
2 1601
2 1618
2 1647
2 1654
2 1671
2 1760
2 1776
2 1805
2 1844
2 1890
2 1906
2 1918
2 1929
2 1947
2 1951
2 1953
2 1955
2 2007
2 2012
2 2064
2 2113
2 2146
2 2158
2 2182
2 2246
2 2284
2 2290
2 2329
2 2355
2 2401
2 2410
2 2464
2 2492
2 2501
2 2600
2 2614
2 2616
2 2636
2 2668
2 2669
2 2674
2 2784
2 2799
2 2813
2 3027
2 3064
2 3065
2 3092
2 3095
2 3126
2 3172
2 3294
2 3307
2 3371
2 3467
2 3747
2 3784
2 3793
2 3828
2 3829
2 3838
3 5
3 17
3 42
3 58
3 80
3 103
3 167
3 176
3 193
3 199
3 239
3 358
3 541
3 952
3 971
3 1512
3 1693
3 1904
3 2212
3 2317
3 2376
3 2562
3 2623
3 2629
3 3122
3 3595
3 3653
3 3950
4 9
4 218
4 315
4 373
4 374
4 442
4 468
4 493
4 533
4 699
4 754
4 999
4 1400
4 2783
4 3353
4 3458
4 3599
4 3793
4 3905
5 6
5 7
5 13
5 14
5 16
5 17
5 19
5 20
5 24
5 31
5 37
5 41
5 54
5 63
5 65
5 70
5 75
5 81
5 84
5 87
5 88
5 94
5 100
5 103
5 115
5 118
5 155
5 158
5 175
5 181
5 193
5 195
5 201
5 208
5 219
5 228
5 250
5 254
5 287
5 289
5 298
5 317
5 327
5 378
5 391
5 406
5 441
5 450
5 464
5 525
5 554
5 556
5 578
5 635
5 648
5 653
5 658
5 677
5 679
5 686
5 698
5 719
5 730
5 805
5 809
5 817
5 986
5 1114
5 1135
5 1173
5 1220
5 1228
5 1229
5 1368
5 1414
5 1429
5 1536
5 1685
5 1699
5 1798
5 1813
5 1826
5 1844
5 1889
5 1901
5 1914
5 1935
5 1954
5 1992
5 2009
5 2019
5 2028
5 2067
5 2083
5 2221
5 2245
5 2310
5 2324
5 2348
5 2418
5 2419
5 2424
5 2427
5 2469
5 2527
5 2529
5 2785
5 2830
5 2953
5 3012
5 3047
5 3048
5 3105
5 3202
5 3236
5 3391
5 3476
5 3493
5 3541
5 3557
5 3614
5 3669
5 3672
5 3718
5 3738
5 3939
5 3952
6 12
6 13
6 23
6 25
6 31
6 34
6 35
6 40
6 43
6 63
6 68
6 136
6 328
6 348
6 508
6 610
6 758
6 779
6 866
6 1112
6 1331
6 1379
6 1426
6 1465
6 1525
6 2045
6 2523
6 2707
6 2824
6 2910
6 2976
6 3115
6 3394
6 3401
6 3409
6 3463
6 3515
6 3889
6 3925
7 10
7 30
7 32
7 38
7 51
7 56
7 61
7 83
7 102
7 106
7 111
7 116
7 134
7 144
7 149
7 155
7 162
7 183
7 192
7 204
7 232
7 249
7 304
7 319
7 337
7 357
7 371
7 398
7 407
7 409
7 417
7 432
7 448
7 453
7 465
7 473
7 617
7 618
7 716
7 752
7 767
7 810
7 848
7 903
7 960
7 1016
7 1071
7 1083
7 1101
7 1123
7 1154
7 1164
7 1310
7 1326
7 1348
7 1370
7 1415
7 1421
7 1444
7 1460
7 1537
7 1554
7 1597
7 1600
7 1626
7 1746
7 1761
7 1827
7 1962
7 1987
7 2100
7 2204
7 2285
7 2472
7 2545
7 2648
7 2693
7 2710
7 2815
7 2830
7 2997
7 3039
7 3069
7 3075
7 3229
7 3255
7 3492
7 3605
7 3642
7 3657
7 3827
7 3867
8 60
8 130
8 587
8 1001
8 1005
8 1632
8 1725
8 2267
8 2658
8 3403
8 3621
9 11
9 15
9 21
9 27
9 118
9 122
9 279
9 491
9 505
9 612
9 701
9 1121
9 1641
9 1946
9 2323
9 2539
10 105
10 125
10 150
10 235
10 348
10 350
10 418
10 483
10 513
10 570
10 717
10 784
10 789
10 840
10 998
10 1070
10 1211
10 1473
10 1515
10 1517
10 1599
10 1814
10 1986
10 2007
10 2552
10 2951
10 3360
10 3524
10 3931
11 33
11 52
11 59
11 86
11 96
11 106
11 109
11 122
11 207
11 234
11 407
11 520
11 634
11 646
11 725
11 736
11 783
11 831
11 885
11 932
11 1020
11 1054
11 1303
11 1560
11 1621
11 1740
11 1769
11 1991
11 2013
11 2112
11 2411
11 3068
11 3197
11 3253
11 3306
11 3479
11 3526
11 3575
11 3701
11 3706
11 3711
11 3905
12 62
12 226
12 232
12 246
12 299
12 325
12 342
12 358
12 383
12 423
12 452
12 598
12 639
12 787
12 804
12 926
12 1063
12 1486
12 1588
12 1652
12 1932
12 1958
12 1988
12 2060
12 2071
12 2457
12 2664
12 2738
12 2776
12 3152
12 3243
12 3375
12 3411
12 3480
12 3487
12 3994
13 38
13 85
13 206
13 345
13 390
13 1168
13 1231
13 1431
13 1498
13 1810
13 2137
13 2226
13 2236
13 2746
13 2766
13 2969
13 3036
14 27
14 41
14 117
14 129
14 475
14 1289
14 1428
14 1802
14 2020
14 2021
14 3153
14 3383
14 3407
14 3454
15 124
15 135
15 150
15 281
15 395
15 562
15 791
15 1717
15 2254
15 2463
15 2570
15 3831
16 47
16 48
16 74
16 119
16 128
16 132
16 143
16 189
16 217
16 236
16 238
16 259
16 282
16 330
16 332
16 377
16 384
16 386
16 433
16 437
16 447
16 551
16 567
16 582
16 603
16 674
16 689
16 695
16 757
16 953
16 1023
16 1060
16 1109
16 1140
16 1181
16 1254
16 1264
16 1377
16 1426
16 1531
16 1543
16 1631
16 1658
16 2005
16 2127
16 2250
16 2497
16 2541
16 2553
16 2610
16 2702
16 2747
16 2768
16 2883
16 3018
16 3052
16 3212
16 3426
16 3464
16 3794
16 3903
17 22
17 34
17 44
17 50
17 69
17 97
17 114
17 147
17 149
17 152
17 168
17 203
17 220
17 247
17 318
17 326
17 385
17 392
17 429
17 479
17 507
17 510
17 516
17 566
17 577
17 586
17 589
17 631
17 667
17 746
17 798
17 988
17 1014
17 1108
17 1273
17 1366
17 1375
17 1380
17 1445
17 1461
17 1532
17 1546
17 1692
17 1755
17 1781
17 1909
17 1928
17 2049
17 2291
17 2352
17 2659
17 2772
17 2775
17 2786
17 2958
17 3382
17 3408
17 3816
17 3930
18 39
18 47
18 53
18 148
18 347
18 483
18 571
18 613
18 933
18 976
18 1676
18 1783
18 1786
18 2140
18 2192
18 2231
18 2467
18 2932
18 2973
18 3092
18 3393
18 3627
18 3740
18 3949
19 52
19 55
19 112
19 162
19 168
19 479
19 599
19 606
19 995
19 1015
19 1151
19 1781
19 2130
19 2196
19 2296
19 2454
19 3007
19 3538
20 25
20 154
20 173
20 237
20 265
20 584
20 765
20 1563
20 2428
20 2740
20 3225
21 166
21 169
21 393
21 565
21 902
21 1109
21 1115
21 1214
21 1244
21 1419
21 1683
21 1695
21 2056
21 2195
21 2275
21 2482
21 2509
21 2629
21 2719
21 3264
21 3699
22 26
22 35
22 76
22 437
22 771
22 1269
22 1661
22 1952
22 2296
22 2419
22 2586
22 2687
22 3175
22 3326
23 43
23 77
23 152
23 153
23 158
23 159
23 175
23 346
23 618
23 1010
23 1122
23 1241
23 1410
23 1842
23 1944
23 2079
23 2168
23 2389
23 2548
23 2557
23 2889
23 3256
23 3411
23 3518
23 3575
24 669
24 1581
24 2737
24 3093
24 3860
25 28
25 36
25 73
25 135
25 580
25 890
25 1397
25 1908
25 2032
25 2042
25 2670
25 3315
25 3475
26 36
26 136
26 191
26 194
26 222
26 256
26 281
26 336
26 380
26 449
26 679
26 728
26 811
26 1434
26 1529
26 1744
26 1758
26 1765
26 2483
26 2501
26 2686
26 2924
26 3396
26 3416
26 3666
27 30
27 65
27 66
27 85
27 92
27 110
27 129
27 172
27 261
27 292
27 296
27 523
27 528
27 576
27 614
27 664
27 861
27 994
27 1045
27 1117
27 1244
27 1323
27 1814
27 1834
27 1906
27 1962
27 2050
27 2122
27 2230
27 2251
27 2396
27 2548
27 2611
27 2643
27 2812
27 2821
27 2823
27 2893
27 3027
27 3202
27 3470
27 3655
27 3800
27 3929
27 3972
28 45
28 57
28 91
28 93
28 107
28 120
28 165
28 169
28 289
28 291
28 295
28 335
28 375
28 379
28 455
28 512
28 527
28 540
28 641
28 713
28 742
28 789
28 809
28 919
28 1089
28 1631
28 1663
28 1698
28 1810
28 1876
28 1907
28 2147
28 2252
28 2262
28 2311
28 2605
28 2887
28 2917
28 2928
28 2963
28 3140
28 3233
28 3248
28 3334
28 3685
28 3727
28 3984
29 181
29 343
29 559
29 748
29 1022
29 1694
29 1910
29 2960
29 3127
29 3228
29 3403
29 3486
29 3586
29 3698
29 3783
30 32
30 225
30 246
30 282
30 438
30 627
30 870
30 986
30 1162
30 1751
30 1851
30 2033
30 2120
30 2514
30 2562
30 2708
30 3349
30 3855
30 3879
31 99
31 200
31 966
31 1255
31 1434
32 40
32 56
32 57
32 182
32 243
32 251
32 283
32 444
32 516
32 539
32 580
32 585
32 593
32 650
32 750
32 833
32 860
32 862
32 863
32 945
32 968
32 1026
32 1258
32 1274
32 1275
32 1381
32 1557
32 1695
32 1954
32 2001
32 2423
32 2561
32 2943
32 2945
32 2961
32 3065
32 3077
32 3138
32 3156
32 3184
32 3284
32 3368
32 3591
32 3726
32 3861
32 4000
33 82
33 83
33 156
33 467
33 475
33 495
33 596
33 908
33 946
33 981
33 1118
33 1324
33 1577
33 2315
33 2653
33 2744
33 3053
33 3150
33 3521
34 49
34 60
34 98
34 128
34 189
34 233
34 314
34 542
34 666
34 698
34 726
34 731
34 874
34 948
34 1296
34 1460
34 1553
34 2080
34 2205
34 2218
34 2447
35 59
35 205
35 311
35 3212
36 72
36 90
36 164
36 172
36 312
36 334
36 416
36 529
36 604
36 645
36 658
36 762
36 767
36 838
36 1006
36 1192
36 1414
36 1419
36 1440
36 1452
36 1456
36 1670
36 1920
36 1970
36 2152
36 2281
36 2380
36 2974
36 3081
36 3198
36 3449
36 3510
36 3812
36 3920
37 2233
37 3830
38 42
38 54
38 82
38 109
38 131
38 260
38 431
38 470
38 514
38 1720
38 2968
39 495
39 513
39 534
39 544
39 579
39 1470
39 3012
39 3450
40 71
40 204
40 223
40 249
40 293
40 451
40 526
40 567
40 760
40 868
40 1001
40 2150
40 2209
40 2472
40 2906
40 3078
40 3188
40 3573
40 3996
41 362
41 397
41 847
41 914
41 1191
41 2686
41 2865
41 3063
41 3224
41 3415
41 3442
42 94
42 145
42 184
42 214
42 304
42 975
42 1790
42 2165
42 2353
42 2793
42 2853
42 3437
42 3755
43 224
43 509
43 675
43 739
43 883
43 2416
44 49
44 81
44 215
44 230
44 284
44 310
44 341
44 349
44 472
44 611
44 647
44 674
44 817
44 829
44 851
44 874
44 1223
44 1284
44 1607
44 1659
44 1770
44 1877
44 2127
44 2279
44 2567
44 2604
44 2765
44 3238
44 3324
44 3468
44 3955
45 137
45 332
45 333
45 536
45 858
45 917
46 64
46 70
46 400
46 456
46 704
46 729
46 878
46 1396
46 1463
46 2143
46 2161
46 2179
46 2709
46 2750
46 3316
46 3757
46 3921
47 563
47 924
47 1012
47 1065
47 1197
47 1212
47 1295
47 1303
47 1584
47 2031
47 3243
47 3284
48 218
48 244
48 267
48 963
48 1100
48 1644
48 2554
49 132
49 341
49 472
49 512
49 697
49 705
49 781
49 833
49 1029
49 1322
49 1447
49 1493
49 1533
49 1850
49 1925
49 2090
49 2109
49 2133
49 2384
49 2756
49 3157
49 3174
49 3282
49 3973
50 53
50 55
50 77
50 96
50 116
50 126
50 139
50 154
50 187
50 197
50 267
50 278
50 335
50 336
50 339
50 365
50 377
50 391
50 393
50 403
50 404
50 408
50 424
50 586
50 611
50 639
50 676
50 708
50 732
50 756
50 764
50 813
50 823
50 1095
50 1115
50 1371
50 1462
50 1592
50 1619
50 1800
50 1849
50 1900
50 1942
50 1943
50 2340
50 2378
50 2383
50 2452
50 2496
50 2531
50 2563
50 2701
50 2861
50 2898
50 2910
50 3013
50 3132
50 3164
50 3216
50 3513
50 3693
50 3710
50 3832
50 3952
51 67
51 73
51 89
51 146
51 253
51 396
51 402
51 590
51 647
51 673
51 713
51 749
51 864
51 988
51 1436
51 1464
51 1736
51 1812
51 1880
51 1933
51 1948
51 2202
51 2520
51 2822
51 3804
51 3831
51 3997
53 64
53 163
53 422
53 469
53 560
53 768
53 1015
53 2179
53 2359
53 2374
53 2991
53 3424
53 3475
53 3559
53 3656
53 3811
54 125
54 302
54 670
54 2988
55 120
55 167
55 442
55 535
55 734
55 744
55 864
55 1056
55 1075
55 1316
56 186
56 209
56 257
56 687
56 766
56 875
56 1003
56 1088
56 1102
56 1365
56 1506
56 1758
56 2149
56 2282
56 3078
56 3137
57 139
57 170
57 264
57 288
57 493
57 722
57 961
57 1183
57 1225
57 1384
57 1558
57 1703
57 1801
57 1820
57 1829
57 2078
57 2275
57 2749
57 3010
57 3568
57 3579
57 3641
58 71
58 86
58 95
58 147
58 532
58 3546
59 228
59 303
59 1190
59 2530
59 3299
60 97
60 446
60 844
60 2294
61 352
61 356
61 424
61 490
61 558
61 776
61 1222
61 1625
61 1639
61 3372
61 3960
62 67
62 121
62 133
62 190
62 239
62 309
62 334
62 602
62 707
62 991
62 1497
62 1619
62 1711
62 1847
62 2302
62 2506
62 2896
62 3070
62 3694
63 88
63 114
63 115
63 137
63 194
63 215
63 311
63 324
63 457
63 660
63 701
63 987
63 1111
63 1447
63 1481
63 1946
63 2225
63 2249
63 2354
63 2508
63 2810
63 2905
63 3082
63 3152
63 3456
63 3564
63 3852
64 367
64 420
64 3008
65 80
65 173
65 308
65 631
65 829
65 2334
65 2750
65 2764
65 2831
66 133
66 153
66 210
66 223
66 262
66 271
66 327
66 372
66 409
66 501
66 715
66 1059
66 1151
66 1318
66 1442
66 2012
66 2214
66 2522
66 2540
66 2604
66 2634
66 2787
66 2888
66 3563
66 3839
67 74
67 75
67 185
67 350
67 436
67 440
67 644
67 733
67 1189
67 1311
67 1399
67 1446
67 1515
67 2001
67 2962
67 3025
67 3111
67 3296
67 3417
67 3563
67 3671
67 3924
68 108
68 220
68 824
68 1130
68 1330
68 1608
68 1756
68 1928
68 2143
68 2457
68 3232
68 3574
68 3765
69 161
69 244
69 263
69 597
69 738
69 853
69 1073
69 1136
69 1158
69 1288
69 1398
69 1661
69 1673
69 1894
69 2717
69 3125
69 3407
69 3551
69 3631
70 78
70 90
70 101
70 102
70 143
70 163
70 171
70 182
70 188
70 245
70 280
70 344
70 522
70 617
70 627
70 702
70 725
70 884
70 919
70 976
70 1052
70 1272
70 1357
70 1437
70 1504
70 1568
70 1754
70 1797
70 1998
70 2039
70 2140
70 2248
70 2337
70 2582
70 2683
70 3030
70 3177
70 3199
70 3225
70 3253
70 3325
70 3429
70 3515
70 3760
70 3819
70 3969
71 130
71 456
71 724
71 1271
71 1334
71 2930
71 2989
72 184
72 255
72 830
72 840
72 1312
72 2157
73 101
73 192
73 266
73 308
73 397
73 425
73 459
73 628
73 927
73 1172
73 1321
73 2479
73 3459
73 3543
73 3711
75 84
75 174
75 221
75 494
75 979
75 1006
75 1178
75 1497
75 2398
75 2870
75 3327
75 3845
75 3892
76 113
76 127
76 138
76 178
76 364
76 471
76 485
76 538
76 624
76 796
76 1266
76 1865
76 2147
76 2213
76 2270
76 2369
76 2554
76 2625
76 2740
76 3363
76 3635
76 3788
76 3942
77 1035
77 3763
77 3814
78 146
78 212
78 287
78 403
78 601
78 784
78 845
78 952
78 1030
78 1087
78 1428
78 1429
78 1500
78 1517
78 1528
78 1673
78 3659
78 3869
78 3870
79 165
79 180
79 188
79 191
79 295
79 376
79 573
79 1028
79 1059
79 1243
79 1927
79 2035
79 2103
79 2149
79 2174
79 2372
79 2907
79 2985
79 3051
79 3497
79 3886
79 3910
80 91
80 93
80 248
80 453
80 839
80 942
80 958
80 972
80 1132
80 2912
81 206
81 361
81 849
81 887
81 3559
82 799
82 1169
82 1623
82 2058
82 2090
82 2958
82 3339
82 3715
83 105
83 127
83 161
83 166
83 195
83 240
83 361
83 503
83 533
83 573
83 593
83 655
83 747
83 813
83 970
83 1057
83 1174
83 1374
83 1514
83 1531
83 1625
83 2029
83 2288
83 2293
83 2318
83 2529
83 2552
83 2752
83 3001
83 3477
84 1846
84 2082
85 124
85 702
85 1236
85 2003
85 2194
85 2325
85 2970
85 3032
85 3209
85 3478
85 3965
86 123
86 227
86 278
86 357
86 410
86 506
86 543
86 575
86 769
86 892
86 964
86 984
86 1413
86 1564
86 2298
86 2727
86 2899
86 3466
87 242
87 328
87 376
87 496
87 640
87 925
87 1146
87 1160
87 2737
87 2827
88 95
88 110
88 159
88 355
88 466
88 621
88 634
88 723
88 850
88 951
88 1032
88 1111
88 1268
88 1309
88 1362
88 1422
88 1498
88 1511
88 1588
88 1596
88 1737
88 1996
88 2404
88 2473
88 2502
88 2843
88 3059
88 3216
88 3298
88 3781
89 275
89 766
89 891
89 1054
89 1299
89 1543
89 3842
90 186
90 1004
90 1237
90 1296
90 2790
90 2857
90 3808
91 474
91 807
91 1402
91 1724
91 2046
91 2428
91 2978
91 3129
92 230
92 238
92 957
92 1031
92 1391
92 1924
92 1963
92 1991
92 2087
92 2312
92 3139
92 3951
93 104
93 164
93 211
93 489
93 535
93 656
93 967
93 1282
93 1337
93 1343
93 1576
93 1604
93 1627
93 2336
93 2491
93 2970
93 3847
94 208
94 221
94 297
94 434
94 581
94 1605
94 2657
95 112
95 198
95 274
95 550
95 582
95 1155
95 1169
95 1307
95 1439
95 1715
95 2555
95 3501
96 667
96 759
96 912
96 956
96 1395
96 1509
96 2068
96 2475
97 174
97 203
97 425
97 498
97 1131
97 1332
97 1476
97 1856
97 2188
97 2549
97 2556
97 2898
97 3008
97 3050
97 3121
97 3445
97 3584
98 899
98 2081
99 879
99 1761
99 3118
100 226
100 400
100 461
100 1037
100 2139
100 3210
100 3350
101 252
101 421
101 521
101 646
101 671
101 727
101 1019
101 1481
101 1540
101 2131
102 142
102 284
102 504
102 556
102 650
102 843
102 995
102 1147
102 1302
102 1336
102 1535
102 1662
102 1803
102 2603
102 2922
102 3126
102 3345
102 3838
103 259
103 505
103 583
103 603
103 945
103 2645
104 280
104 362
104 662
104 712
104 753
104 920
104 1218
104 1257
104 1313
104 1530
104 1950
104 2055
104 2232
104 2376
104 2564
104 2954
104 3097
104 3792
105 140
105 569
105 583
105 2088
105 3718
106 910
106 1135
106 1148
106 1226
106 2040
106 2456
106 3858
106 3931
107 1156
107 1576
107 3374
108 217
108 315
108 390
108 862
108 1372
108 1593
109 2064
109 3304
109 3700
110 271
110 638
110 1228
110 1925
110 2906
111 394
111 458
111 508
111 660
111 668
111 1036
111 2904
112 310
112 367
112 406
112 486
112 1062
112 1476
112 1660
112 1881
112 1912
112 2034
112 2223
112 2263
112 2344
112 2534
112 2757
112 2886
112 3133
112 3221
112 3483
112 3782
112 3857
112 3982
113 121
113 420
113 426
113 494
113 532
113 640
113 700
113 740
113 1301
113 1362
113 1494
113 1499
113 1704
113 2369
113 2636
113 2727
113 2809
113 3881
113 3913
114 250
114 255
114 353
114 366
114 692
114 1809
114 1827
114 2107
114 2591
114 3758
115 323
115 487
115 681
115 720
115 721
115 889
115 1100
115 1430
115 1700
115 1872
115 2002
115 2097
115 3131
115 3458
115 3943
116 777
116 985
116 992
116 1298
116 1897
116 2707
116 3647
117 344
117 816
117 1241
117 1450
118 461
118 1340
118 1665
118 2075
118 3641
119 775
119 819
119 1562
119 1723
119 3241
120 229
120 273
120 630
120 742
120 804
120 1836
120 3165
120 3659
121 480
121 529
121 649
121 876
121 1868
121 1949
121 2210
121 2964
121 3423
121 3570
121 3982
121 3997
122 484
122 520
122 1011
122 2690
123 3260
123 3289
123 3589
123 3817
124 1706
125 473
125 788
125 1122
125 1961
126 401
126 1422
126 1846
126 3215
126 3590
126 3603
126 3708
126 3893
126 3962
127 145
127 286
127 340
127 388
127 410
127 441
127 987
127 1349
127 1375
127 2519
127 3068
128 386
128 498
128 722
128 2049
128 2854
128 3357
128 3480
129 300
129 347
129 636
129 2041
129 2089
129 2129
129 2377
129 3736
130 292
130 950
130 1196
130 1975
130 2601
130 3486
130 3503
130 3677
131 151
131 419
131 671
131 1393
131 1858
131 1982
131 3719
132 171
132 687
132 795
132 1492
132 1520
132 1742
132 1836
132 1905
132 2301
132 2696
132 2981
132 3512
132 3809
133 251
133 302
133 316
133 895
133 1308
133 1892
133 2123
133 2569
133 2599
133 3125
133 3290
135 300
135 1082
135 2101
135 2442
135 2542
135 3412
135 3780
136 160
136 497
136 1067
136 1966
137 621
137 682
137 1091
137 1345
137 1579
137 1763
137 2038
137 2990
138 151
138 157
138 366
138 549
138 678
138 860
138 1044
138 1267
138 3778
139 1023
139 2121
140 170
140 177
140 258
140 338
140 592
140 1061
140 1212
140 1333
140 1571
140 1604
140 2753
140 3875
141 148
141 276
141 329
141 418
141 436
141 454
141 536
141 619
141 651
141 706
141 757
141 758
141 818
141 966
141 984
141 1068
141 1074
141 1140
141 1220
141 1539
141 1716
141 1833
141 1847
141 1880
141 1940
141 1944
141 1971
141 2118
141 2639
141 2711
141 2852
141 2955
141 3287
141 3946
142 202
142 316
142 324
142 364
142 551
142 1000
142 1103
142 1319
142 2306
142 2403
142 2880
143 303
143 587
143 786
143 907
143 936
143 971
143 1314
143 2565
143 3165
144 179
144 183
144 301
144 427
144 944
144 998
144 1201
144 1465
144 1556
144 1915
144 2051
144 2680
144 3123
144 3539
144 3542
145 387
145 388
145 760
145 3408
145 3882
146 199
146 309
146 507
146 649
146 1033
146 2314
146 2638
146 2917
146 3366
146 3878
147 160
147 430
147 481
147 489
147 886
147 2255
147 2397
147 3748
148 156
148 443
148 482
148 776
148 1315
148 1973
148 2187
148 2778
148 3485
149 270
149 380
149 595
149 637
149 642
149 706
149 723
149 755
149 2400
149 3136
149 3425
149 3842
150 253
150 480
150 500
150 572
150 772
150 1366
150 2644
150 2756
150 2967
150 3650
151 245
151 275
151 351
151 413
151 756
151 1317
151 1407
151 2182
151 2840
151 3178
152 439
152 825
152 970
152 1230
152 1306
152 1802
152 2102
152 2563
152 3257
152 3322
152 3535
152 3630
152 3775
153 408
153 486
153 955
153 1159
153 1491
153 2409
153 3461
153 3608
153 3812
154 432
154 654
154 704
154 1078
154 1096
154 1202
154 2206
154 2779
154 2909
154 3300
154 3939
155 247
155 320
155 1985
156 262
156 884
156 1056
156 2031
156 2373
156 3055
157 185
157 434
157 688
157 839
157 1356
157 1488
157 1729
157 2292
157 2743
157 3134
157 3586
157 3600
157 3787
157 3890
158 270
158 455
158 502
158 566
158 601
158 1277
158 1478
158 1750
158 2207
158 2302
158 2341
158 2350
158 2983
158 3063
158 3237
158 3313
158 3425
158 3884
159 177
159 396
159 411
159 419
159 445
159 718
159 827
159 888
159 1234
159 1367
159 3517
159 3769
160 544
160 918
160 1204
160 1468
160 1524
160 1895
160 3173
160 3335
161 213
161 231
161 279
161 343
161 672
161 907
161 1028
161 1048
161 1297
161 1860
161 2190
161 2856
161 2862
161 3076
161 3384
161 3937
162 359
162 521
162 1287
162 1777
162 1922
162 2175
162 2689
162 2890
162 3720
163 261
163 881
163 1474
163 2662
163 3340
163 3934
164 422
164 600
164 1046
164 1107
164 1218
164 1369
164 1440
164 1852
164 1857
164 1977
164 2240
164 2349
164 2786
164 2851
164 3033
164 3203
164 3663
164 3703
164 3716
165 870
165 3249
165 3944
166 306
166 384
166 1049
166 1071
166 2489
166 3228
167 272
167 523
167 550
168 941
168 2621
169 3087
169 3992
170 337
170 1285
170 1351
171 234
171 632
171 1329
171 1767
171 1853
171 3161
172 180
172 922
173 179
173 210
173 414
173 699
173 1539
173 2260
173 3118
174 277
174 306
174 331
174 363
174 423
174 844
174 1094
174 1152
174 1643
174 1980
174 2175
174 2366
174 2398
174 2429
174 2596
174 2660
174 2712
174 3864
174 3891
175 339
175 576
175 676
175 894
175 1815
175 2596
175 2999
175 3649
176 240
176 1642
176 1969
176 2360
176 3337
176 3643
177 209
177 265
177 373
177 503
177 825
177 980
177 1167
177 1838
177 2171
177 2211
177 2224
177 2389
177 3230
177 3620
178 187
178 258
178 592
178 806
178 933
178 1144
178 1217
178 1489
178 1595
178 2189
178 2851
178 3186
179 201
179 866
179 1091
179 1163
179 1869
179 1933
179 2655
179 2658
179 2704
179 2831
179 2861
179 3181
179 3399
179 3564
179 3591
179 3722
179 3836
179 3955
180 369
180 826
180 1260
180 1807
180 2696
180 3108
180 3204
181 680
181 1501
181 2385
181 2934
182 225
182 623
182 659
182 791
182 1080
182 1110
182 1472
182 1559
182 1686
182 2185
182 2406
182 2517
182 2530
182 2592
182 2657
182 3158
182 3322
182 3378
182 3995
183 198
183 1261
183 1455
183 2860
183 2923
184 395
185 1788
185 2153
186 1506
186 3204
186 3717
187 433
187 751
187 903
187 1839
188 518
188 754
188 1684
189 248
189 444
189 447
189 539
189 589
189 1004
189 1074
189 1209
189 1774
189 2006
189 2098
189 2141
189 2329
189 2695
189 3875
189 3983
190 2353
190 2415
190 3957
191 219
191 354
191 412
191 452
191 785
191 1989
191 3208
191 3542
191 3675
191 3993
192 196
192 371
192 1550
193 1508
193 1542
193 1731
193 1739
193 1963
194 214
194 1002
194 1425
194 2825
195 858
195 912
195 934
195 981
195 1052
195 1066
195 1399
195 1551
195 1668
195 1735
195 1786
195 2172
195 2405
195 2615
195 2739
196 2017
197 318
197 381
197 462
197 616
197 690
197 1085
197 1262
197 1331
197 1775
197 2484
197 3977
198 1970
198 2142
199 285
199 906
199 1650
199 1927
199 3971
200 237
200 2319
200 3380
201 820
201 935
201 1896
201 2429
202 212
202 229
202 264
202 273
202 320
202 476
202 598
202 892
202 1299
202 1601
202 1762
202 2244
202 2904
202 3447
202 3911
203 3415
204 224
204 236
204 283
204 330
204 1138
204 1273
204 1391
204 1548
204 1581
204 2192
204 2276
204 2482
204 3176
204 3343
206 207
206 231
206 298
206 451
206 605
206 923
206 942
206 1166
206 1466
206 1755
206 2526
206 3230
207 216
207 286
207 413
207 438
207 526
207 812
207 2069
207 2331
207 2415
207 3004
207 3961
208 624
208 1230
208 1807
208 2942
208 3262
209 1333
209 3166
209 3571
209 3602
210 216
210 222
210 269
210 333
210 370
210 458
210 588
210 904
210 1150
210 1433
210 2023
210 2131
210 2735
210 3412
210 3569
211 312
211 510
211 525
211 820
211 1367
211 1813
211 1873
211 2018
211 2218
211 2925
211 2967
212 1689
212 1789
212 3898
213 1902
214 1505
215 314
215 1958
215 2290
215 2797
215 3098
217 321
217 349
217 540
217 1859
217 2846
217 3630
218 241
218 340
218 1104
218 1675
218 1854
218 2959
218 3439
218 3516
219 1580
220 288
220 291
220 415
220 490
220 738
220 743
220 859
220 3088
220 3217
220 3389
220 3672
220 3883
222 227
222 465
222 615
222 1182
222 1227
222 1246
222 2164
222 2271
222 2936
222 3922
223 260
223 774
223 980
223 2623
224 375
224 2402
224 2821
224 3159
225 378
225 2568
225 3790
226 1224
226 1572
226 1608
226 1828
226 2382
226 2516
226 3168
227 243
227 500
227 1514
227 2364
228 445
228 726
228 782
228 2853
228 3409
228 3526
228 3919
228 3922
229 296
229 463
229 644
229 694
229 746
229 815
229 1346
229 1644
229 1674
229 2744
229 3190
229 3209
232 740
232 965
232 1288
232 2665
232 2983
232 3940
233 387
233 463
233 477
233 953
233 1252
233 1830
233 1940
233 1964
233 2220
234 744
234 882
234 906
234 1191
234 1681
234 1773
234 2458
234 2850
234 3224
234 3843
235 338
235 581
235 672
235 835
235 1931
235 2250
235 2262
235 3432
235 3840
236 293
236 716
236 777
236 1596
236 1637
236 1682
238 614
238 669
238 793
238 1207
238 1606
238 1699
238 1748
238 1830
238 2120
238 2715
238 3029
238 3728
239 257
239 2461
240 290
240 294
240 389
240 499
240 538
240 559
240 596
240 620
240 834
240 869
240 1223
240 1545
240 1595
240 1652
240 1658
240 1794
240 1825
240 1870
240 2283
240 2304
240 2465
240 2648
240 2883
240 2894
240 3906
240 3933
241 313
241 355
241 675
241 842
241 1193
241 1803
241 2350
241 2394
241 2446
241 3085
241 3856
242 501
242 779
242 930
242 954
242 1125
242 1646
242 1983
242 2066
242 2215
242 3094
242 3303
242 3902
242 3929
243 342
243 478
243 645
243 1477
244 661
244 747
244 824
244 1026
244 1831
244 1888
244 1898
244 3549
245 607
245 1318
246 405
246 684
246 733
246 2086
246 2115
246 2197
246 2664
246 2792
246 3531
247 448
247 561
247 931
247 1876
247 1923
247 2426
247 2938
247 3021
247 3741
248 1998
248 2862
248 3021
249 594
249 1018
249 1158
249 1352
249 1675
249 1783
249 2069
250 382
250 427
250 773
250 997
250 1546
250 2434
250 2960
250 3958
251 325
251 528
251 1086
251 1219
251 1320
251 1527
251 1570
251 1864
251 1900
251 2020
251 2575
251 3082
251 3705
251 3980
252 323
252 394
252 470
252 548
252 939
252 1213
252 1484
252 2054
252 2160
252 2410
252 2847
252 3728
253 374
253 661
253 836
253 902
253 1132
253 1233
253 2038
253 2735
253 3149
253 3912
254 450
254 1283
254 1526
254 3648
254 3752
255 506
255 1403
255 2978
256 867
256 3258
257 1039
258 3670
258 3865
259 616
259 680
259 1095
259 1252
261 1061
261 3985
262 263
262 1014
262 1719
262 1884
263 1321
263 2435
264 274
264 574
264 787
264 879
264 1206
264 1376
264 1501
264 1911
264 2261
264 2608
264 3967
265 1099
266 277
266 1162
266 2035
267 399
268 1090
268 3431
269 301
270 462
270 977
270 1129
270 1976
270 2023
270 2244
270 3397
270 3604
271 429
271 431
271 2103
271 2207
271 3105
273 635
273 1785
273 3321
273 3623
274 294
274 414
274 466
274 686
274 780
274 975
274 1720
274 1725
274 1778
274 1779
274 2057
274 2363
274 3151
275 369
275 1795
275 3035
275 3234
275 3702
276 554
276 750
276 1278
276 1939
276 2961
276 3433
276 3566
277 1249
277 1365
278 321
278 382
278 515
278 659
278 794
278 830
278 1989
278 2173
278 2274
278 2571
278 2697
278 3363
278 3522
278 3776
278 3919
279 307
279 2787
280 313
280 459
280 1078
280 1715
280 2111
280 3178
280 3285
280 3471
281 491
281 770
281 1536
281 1986
282 322
282 546
282 751
282 759
282 763
282 774
282 1662
282 2077
282 3089
282 3632
283 297
283 1126
283 1170
283 1792
283 2094
283 2754
284 416
284 705
284 1067
284 1231
284 1417
284 1590
284 1819
284 2680
284 2866
284 2935
284 3056
284 3311
285 474
285 552
285 636
285 665
285 1092
285 1196
285 1873
285 2891
286 678
286 2309
287 398
287 518
287 565
287 964
287 1055
287 1525
287 2268
287 3025
287 3766
288 457
288 584
288 2088
288 2578
289 1340
289 1410
289 1473
289 1808
289 2372
289 3739
289 3908
290 1262
291 331
291 352
291 762
291 938
291 1134
291 1186
291 1393
291 2532
292 368
292 555
292 625
292 872
292 1500
292 1648
292 1938
292 2190
292 3182
292 3295
292 3731
293 881
293 2732
293 3616
294 389
294 928
294 951
294 1323
294 1329
294 1961
294 2027
294 2271
294 2449
294 3134
294 3566
294 3898
294 3903
295 1796
296 443
296 464
296 715
296 849
296 861
296 972
296 1229
296 2003
296 3693
297 317
297 360
297 439
297 537
297 599
297 734
297 1037
297 1064
297 1265
297 1397
297 2455
297 2775
297 2798
297 3042
297 3181
297 3288
298 1361
300 412
300 1549
300 2848
301 545
301 1396
301 1520
301 2494
301 3527
301 3882
302 1216
302 1721
302 2570
304 428
304 487
304 546
304 564
304 623
304 709
304 710
304 819
304 1128
304 1592
304 1764
304 1806
304 2121
304 2447
304 2535
304 2817
305 609
305 908
305 1188
306 2005
306 2124
306 2220
306 3277
306 3777
307 497
307 547
307 1435
307 3465
308 430
308 555
308 1357
308 2339
309 585
309 1292
309 2076
309 2386
311 322
311 696
311 785
311 1591
311 1696
311 2599
311 3158
311 3619
311 3784
311 3921
313 356
313 1017
313 1679
313 2278
313 2417
313 3687
314 648
314 1979
314 2093
314 2723
314 3555
315 1855
316 1279
316 2979
317 3761
318 781
318 828
318 1112
318 1488
318 1493
318 1495
318 1561
318 1949
318 2193
318 2316
318 2613
318 2646
319 460
319 932
319 1926
320 467
320 718
320 814
320 846
320 887
320 1328
320 1486
320 2086
320 2511
320 3090
320 3184
321 329
321 2105
321 2637
322 735
322 3734
323 800
323 2172
324 3585
325 1083
325 1999
325 2392
326 838
326 1123
326 1759
326 2632
328 564
328 1764
328 3305
329 440
329 720
329 1776
330 1058
330 1612
330 1716
330 2742
330 2901
330 3080
330 3167
330 3263
330 3723
330 3896
331 522
331 852
331 2982
331 3462
332 560
332 703
332 1007
332 1891
332 3915
333 405
333 837
333 1108
333 1339
333 2572
333 2721
333 3317
333 3999
334 372
334 421
334 492
334 685
334 1005
334 1104
334 2765
334 2975
334 3364
335 345
335 708
335 806
335 1175
335 1253
335 1353
335 1469
335 1521
335 2188
336 346
336 969
336 2704
336 3381
337 622
338 643
338 788
338 1127
338 1879
338 2145
338 2595
338 3434
339 1292
339 1609
339 1990
340 524
340 545
340 730
340 878
340 1116
340 1304
340 1568
340 1574
340 1850
340 2300
340 2361
340 3572
340 3760
341 370
341 488
341 663
341 850
341 1345
341 1464
341 1769
341 1774
341 1926
341 3877
342 411
342 568
342 1522
342 1702
343 1574
343 2908
344 670
344 857
344 1545
344 1656
344 1883
344 1899
344 2226
344 2236
344 2393
345 351
345 553
345 877
345 1669
345 1705
345 2589
345 3692
347 915
347 1408
347 1710
347 2390
347 2839
348 3779
349 360
349 575
349 629
349 794
349 1025
349 1159
349 1409
349 1611
349 1805
349 3094
349 3213
349 3698
349 3762
350 753
350 815
350 1062
350 1383
350 1432
350 1480
350 3926
351 2560
352 904
352 1800
353 1113
353 1452
353 1684
353 3562
354 484
354 863
355 477
355 502
355 2319
355 3537
355 3573
356 363
356 404
356 602
356 736
356 889
356 1079
356 1199
356 1240
356 1285
356 1398
356 1756
356 1840
356 2047
356 3617
356 3845
357 1201
357 1655
357 3239
358 2759
358 3514
359 365
359 1084
359 3541
359 3730
360 821
360 959
360 1578
360 3205
360 3687
361 741
361 1239
361 1350
361 1766
361 2092
361 2141
361 2414
361 2943
361 3664
362 417
362 482
362 802
362 822
362 1040
362 1290
362 1849
362 1875
362 2421
362 2844
362 3265
363 615
363 875
363 882
363 1024
363 1142
363 1811
363 1891
363 2010
363 2287
363 2388
363 2395
363 2486
363 3245
363 3618
364 481
364 1984
364 3442
365 435
365 795
366 1540
366 2118
367 2341
368 1016
368 1319
368 2201
368 2264
368 2722
368 2913
368 3249
368 3665
369 683
369 1003
369 1411
369 1532
369 1912
369 2159
369 2932
369 3016
369 3193
369 3725
370 608
370 1594
370 2087
371 401
371 1312
371 2251
371 2343
371 2569
371 2845
371 2914
371 2956
371 3170
371 3440
371 3504
371 3671
371 3942
372 1047
372 2080
372 2600
373 428
373 691
373 808
373 901
373 1995
373 2612
373 3648
373 3729
375 871
375 1099
376 620
376 883
376 2976
376 3369
377 625
377 633
377 977
377 1183
377 1233
377 1646
377 3127
377 3140
378 379
378 509
378 662
378 1918
378 2126
378 2321
378 2459
378 2485
378 3369
379 935
379 957
379 1097
379 1358
379 1411
379 1585
379 1678
379 2184
379 2500
379 2533
379 2561
379 2574
379 3798
379 3839
380 848
380 1363
380 1616
381 468
381 763
382 653
383 2357
383 2795
383 3588
384 415
384 727
384 871
384 1242
384 1479
384 1526
384 1617
384 1752
384 2282
384 2691
384 3004
384 3104
384 3330
384 3756
385 963
385 1042
385 1628
385 2613
386 588
386 857
386 965
386 1502
387 2993
388 893
388 918
388 1521
388 2444
391 1139
391 1656
393 469
393 607
393 1185
393 1190
393 1256
393 1276
393 2544
393 3148
394 594
395 549
395 577
395 745
395 2136
395 2440
395 3993
396 605
396 852
396 1205
396 2504
397 1251
397 3160
398 880
398 1257
399 872
399 1045
400 652
400 1096
400 1210
400 1809
400 3091
401 1157
401 1462
401 3810
401 3964
402 1010
402 1663
402 1667
402 2261
402 3638
404 1401
404 2412
404 3477
405 3818
406 1630
406 1730
406 2362
406 3193
406 3726
407 460
407 557
407 782
407 2032
408 496
408 628
408 962
408 1645
408 2024
409 632
409 796
409 873
409 2138
410 664
410 1166
410 1245
410 1747
410 3242
411 1032
411 1274
411 2348
411 3529
412 1077
412 2576
413 1936
413 2731
414 488
414 1086
414 1697
414 2677
414 3195
415 1031
415 2833
416 530
416 1221
416 2091
416 2183
416 2326
416 3628
416 3907
417 805
417 2132
417 2344
417 3091
420 541
420 657
420 1125
420 1194
420 2303
421 873
421 1383
421 2971
422 572
422 2465
423 449
423 519
423 563
423 732
423 924
423 1295
423 1305
423 1369
423 1692
423 1745
423 1823
423 1834
423 1902
423 1950
423 2299
423 2791
423 2980
423 3251
423 3374
423 3495
424 524
424 591
424 1235
424 2903
424 3611
424 3844
425 2630
425 3333
426 717
426 1599
426 1705
427 552
427 655
427 961
427 1197
427 1209
427 2365
427 2618
427 3307
428 719
428 2524
428 2908
428 3657
428 3833
429 1002
430 803
430 1378
431 941
431 2124
431 2626
432 761
432 989
432 1697
432 2328
434 1116
435 1457
435 1668
435 2183
435 3551
436 900
436 915
436 1060
436 1297
436 1380
436 1602
436 1746
436 2022
436 2245
436 3572
436 3891
437 2543
438 3968
439 700
439 835
439 2714
439 2809
442 801
442 999
442 1624
442 2048
442 2191
442 3011
442 3024
443 514
443 712
443 790
443 1070
443 1146
443 2268
443 2483
443 2605
443 2872
443 2987
444 1845
444 3238
445 2112
445 2243
445 2318
447 1339
447 1806
447 2682
448 2594
448 3961
449 798
450 956
450 967
450 1272
450 1420
450 1688
450 2507
450 3026
450 3336
450 3439
450 3456
451 537
451 1278
451 2084
452 868
452 2312
452 3684
453 569
454 1672
454 1714
455 517
455 534
455 568
455 773
455 841
455 928
455 1347
455 1586
455 3240
456 770
457 927
457 1582
458 3214
458 3490
459 3768
462 834
462 930
462 1917
462 3519
463 856
463 1117
463 1182
463 1207
463 1364
463 1544
463 1573
463 1808
463 2180
463 2269
463 3194
463 3244
463 3497
464 958
464 1105
464 1360
464 2267
465 693
465 769
465 847
465 1443
465 1587
465 1793
465 1931
465 2371
465 3006
465 3029
465 3570
465 3754
466 3355
466 3721
467 652
467 710
467 761
468 527
468 637
468 666
468 2488
468 3863
469 2330
469 3719
470 548
470 571
470 604
470 654
470 792
470 911
470 1856
470 1905
470 1983
470 2170
470 2411
470 2620
470 2741
470 3370
470 3527
470 3622
470 3639
470 3969
471 1787
471 3556
472 2507
473 597
473 799
473 1457
473 3780
474 499
474 1188
475 543
475 846
475 937
475 940
475 1630
475 1804
475 2154
475 2449
475 3333
475 3833
476 853
476 1418
477 1615
477 2352
478 1238
478 1538
479 1227
479 1335
479 2442
481 3509
482 630
482 1338
482 1342
482 1773
482 2323
483 574
484 517
484 962
484 3389
484 3554
484 3692
485 504
485 641
485 656
485 1336
485 2709
485 3785
486 547
486 973
486 1271
487 1087
487 1977
487 2538
487 2651
487 3287
488 724
488 1409
488 2073
490 690
490 1959
490 2729
491 1645
491 1868
491 2481
493 2273
495 1332
495 2167
496 739
496 1270
496 1360
496 1436
496 1569
496 1831
496 3155
496 3355
496 3705
497 606
497 811
497 876
497 1215
497 1614
497 1974
497 2420
497 2523
497 3002
497 3977
497 3985
498 558
498 1459
498 1559
498 3022
499 1225
499 1382
499 1709
499 1939
499 2871
499 3154
499 3414
500 905
501 3844
502 578
502 1610
502 2417
502 2989
502 3433
503 1869
503 1909
503 3594
504 1120
504 1550
504 3031
504 3633
506 519
507 1205
507 1466
507 1490
507 1636
507 2425
507 2556
508 831
508 922
508 1503
508 1943
509 1284
509 1326
509 1691
509 1723
509 2934
510 1134
510 2177
511 613
511 677
512 595
512 1341
512 3382
514 993
514 2016
514 3822
515 1766
516 626
516 983
516 1093
516 1178
516 1708
516 1903
516 2042
517 940
517 1029
517 2460
517 3884
518 693
518 1255
518 2581
519 865
519 1438
519 1981
519 2170
519 3222
520 711
520 1475
520 1686
520 2589
520 2915
521 1035
521 2237
522 553
522 651
522 737
522 845
522 910
522 1008
522 1009
522 1727
522 1835
522 1886
522 2198
522 2525
522 2587
523 901
524 2099
524 3610
525 818
525 842
525 1092
525 1325
525 3427
526 2659
527 775
527 1373
527 1448
527 2640
527 2947
528 691
528 954
528 2434
528 3988
529 530
529 1254
529 1258
529 1406
529 2234
529 2592
530 996
532 1582
533 1883
533 2237
534 3066
535 2011
535 2485
535 3569
536 696
536 2692
536 3201
536 3841
537 1978
537 3959
538 1270
538 1389
538 2733
538 2912
538 3020
538 3593
539 812
539 869
539 949
539 1614
539 1845
539 2017
539 3252
539 3871
540 2915
541 570
541 688
541 1007
541 1009
541 1893
541 2897
541 3034
541 3217
541 3297
541 3338
541 3390
541 3731
542 780
542 828
542 1732
542 2084
542 2954
542 3038
542 3274
542 3587
542 3950
544 1153
544 2232
544 2682
545 1997
545 2363
545 2641
545 3147
545 3764
546 590
546 626
546 801
546 1184
546 1431
546 1741
546 2000
546 2622
546 2969
546 3533
546 3825
549 931
549 1267
549 1639
549 2760
549 2878
550 1133
550 1612
550 1713
550 2137
550 2420
550 3130
550 3493
550 3679
551 994
551 1492
551 1552
551 1682
551 1957
551 1972
551 2804
551 2942
552 1372
552 1519
552 1747
552 2724
553 1518
553 2855
553 3988
553 3989
554 557
554 579
554 1148
554 2104
554 2661
554 2844
554 3032
554 3358
555 911
555 2034
556 3281
558 1921
558 2209
558 2597
558 3590
559 1984
559 2725
560 663
560 2656
560 3918
561 1251
561 2093
561 2550
561 2560
561 3758
562 600
562 1038
562 1482
562 1936
562 2962
564 707
564 982
564 2327
565 1430
565 1674
565 2277
565 3496
565 3979
566 1348
567 714
567 1328
567 1575
567 2433
568 2441
568 2728
568 3278
569 2354
569 3136
570 673
570 854
570 947
570 974
570 1124
570 1667
570 1718
570 3276
572 728
572 741
572 923
572 1733
572 3321
572 3348
572 3686
573 633
573 657
573 989
573 1069
573 3023
573 3757
575 1161
575 1677
575 2513
577 642
577 2617
578 1708
581 3223
581 3986
582 591
582 612
582 755
582 890
582 1044
582 1385
582 3108
582 3562
582 3953
583 1748
584 1107
584 1317
584 1412
584 2061
584 2200
584 3549
584 3723
585 1247
585 3351
585 3581
586 1818
586 2914
587 1076
587 1236
587 1413
587 1762
587 2222
587 2674
587 3665
588 608
588 1036
588 1050
588 1826
588 1858
588 3655
589 1848
589 2279
589 3530
589 3596
590 743
590 1084
590 1311
591 609
591 996
591 3173
591 3596
592 800
592 3695
594 737
594 1208
594 1657
595 1243
595 1712
595 1863
595 2048
597 1082
597 1216
597 3282
597 3802
598 1021
598 1390
598 1577
598 3567
598 3948
599 885
599 1542
599 1555
600 1511
601 638
601 1033
601 1865
601 2620
601 2628
601 3062
601 3081
602 2461
602 3402
603 729
603 1030
603 3654
604 1047
604 2663
604 3615
605 684
605 721
605 1707
605 3773
606 2167
607 1400
607 1490
607 3211
608 843
608 1194
608 2173
608 3534
610 692
611 2051
611 2381
611 2573
611 2607
611 3525
612 1208
612 1590
612 1683
612 1691
612 2150
612 2470
612 2777
612 3157
612 3861
612 3887
613 765
613 2025
613 2342
614 709
614 808
614 917
614 1008
614 1144
614 1335
614 1364
614 2096
614 2919
614 3501
614 3555
614 3581
615 1176
615 1269
615 1468
615 1791
615 2181
615 2542
615 2685
615 2746
615 2852
615 3163
615 3852
616 783
616 1179
616 1523
616 2814
616 3445
617 735
617 1605
617 2723
617 3381
617 3820
618 1361
618 2590
618 2601
619 827
619 1518
619 3469
620 1822
620 2276
620 3261
621 1119
622 711
622 859
622 1137
622 2168
622 3145
622 3438
623 1379
623 1643
623 3892
624 772
624 1316
624 2387
624 2968
625 703
625 1103
625 2156
625 2193
625 2822
626 748
626 1530
627 643
627 1139
627 1504
627 1887
627 2549
628 1771
628 3271
628 3678
630 1050
632 694
632 851
632 1000
632 1113
632 1405
632 1412
632 1666
632 1728
632 1957
632 2489
632 2527
632 2703
632 2729
632 3579
632 3682
634 1142
634 1388
634 3404
634 3690
635 768
635 807
635 916
635 1281
635 2050
636 2714
636 3133
637 1857
637 3015
637 3045
637 3953
639 745
639 1157
639 1275
639 2367
640 990
640 2935
641 1597
641 2808
641 3207
642 837
642 921
643 1394
643 2783
644 1634
644 1790
645 1200
645 2383
646 1069
647 2649
647 2759
648 3017
649 841
650 3109
651 1496
651 2286
652 2998
652 3724
653 836
653 1012
653 1025
653 1072
653 2110
655 1355
655 2364
655 2498
656 1127
656 1131
656 1541
656 2068
656 2427
657 668
657 1081
657 1437
657 2598
657 2631
657 3376
658 803
658 1392
658 1861
658 3503
659 946
659 1327
659 1344
659 1537
659 2336
659 2651
659 3043
660 1048
660 1235
661 697
661 778
661 893
661 1042
661 1164
661 1385
661 2669
661 2726
661 3826
662 1722
662 1951
662 2660
662 2685
662 2911
662 3959
663 823
663 943
663 1105
663 1155
663 1395
663 1487
663 1513
663 2025
663 2229
663 2277
663 2606
663 2763
663 2801
663 2802
663 3395
663 3417
664 865
664 899
664 1522
664 2622
664 2841
665 877
665 1263
665 1710
665 2201
665 2320
665 2731
666 2888
668 969
668 1198
668 1910
668 1913
668 3756
669 714
670 1629
670 2903
670 3122
671 2950
672 2223
673 1138
673 1507
673 3313
674 888
674 1049
674 1174
674 1260
674 1293
674 1479
674 1618
674 1648
674 1680
674 1882
674 1896
674 2214
674 2453
674 2784
674 3347
674 3367
675 1019
675 1043
675 1895
675 2044
676 749
677 695
677 1533
677 2313
677 2927
677 2946
678 1401
678 2130
678 3990
679 681
679 1181
679 1454
679 1586
679 2225
679 2448
679 2468
679 2645
679 2944
679 3560
680 771
680 914
680 1613
680 1728
680 1780
682 886
682 1038
682 1145
682 1290
682 1664
682 1971
682 2322
682 2374
682 2421
682 2566
682 2602
682 3259
682 3506
684 1378
684 2108
684 3348
686 2902
687 2169
688 1534
688 2520
688 3009
688 3206
689 900
689 2065
689 2677
689 3888
690 2107
691 1176
693 2286
693 2585
693 2868
694 1749
695 925
695 2228
695 3754
697 778
697 880
697 936
699 1126
699 2125
699 2751
700 1478
700 1920
700 3229
701 2672
701 2916
702 2144
702 3379
702 3607
704 898
704 3565
705 1598
705 1607
706 1753
706 1782
706 2014
708 1098
708 1308
708 1972
708 3960
709 1215
711 1106
711 1327
711 1368
711 1709
711 2470
711 2837
711 3631
714 1081
714 2073
714 2154
714 2210
714 2480
714 3444
715 974
715 1637
715 2795
715 2837
716 1693
716 2095
717 2876
718 2349
718 2826
718 3755
719 2773
719 3519
720 2748
722 752
722 896
722 1053
722 1153
722 1390
722 1629
722 1664
722 1811
722 2358
722 2533
722 2594
722 2647
722 2818
722 2907
722 2964
723 793
723 1020
723 1638
723 3177
724 3640
725 1147
727 867
727 1507
727 2047
728 891
728 1203
728 1438
728 1967
728 2029
728 2432
728 3398
728 3983
729 802
729 2085
729 2403
729 2432
729 2479
729 2687
729 2732
729 3423
730 2099
731 1484
731 2008
731 2834
731 3869
733 3873
734 968
734 2163
734 3066
735 3097
735 3361
735 3383
736 1742
736 1993
736 2618
736 3002
737 4000
738 997
738 1388
739 926
739 1389
739 2063
739 2845
739 3455
739 3827
740 1897
740 3489
741 764
741 1496
741 2280
741 3106
742 1524
742 1835
742 2980
742 3016
742 3188
743 1287
743 3776
744 1063
744 1072
744 1823
744 2260
744 2773
745 2567
746 2986
747 822
747 983
747 1027
747 2675
747 2987
747 3364
748 2101
750 1547
751 1165
751 2801
751 3058
752 2263
753 1018
753 1527
754 1068
755 1021
755 1276
755 1791
755 2379
756 1039
756 2564
756 3311
757 3853
758 1089
758 1734
758 1797
758 1935
758 1985
758 2109
759 855
759 897
759 1011
759 1919
759 2587
759 3297
759 3851
761 1129
761 1161
762 797
762 1065
762 1370
762 1512
762 3051
762 3465
764 1066
764 1767
764 1884
764 2971
765 1968
766 814
766 1923
766 2027
766 3245
766 3309
767 790
767 1647
768 2480
768 2649
768 3352
769 929
769 1314
769 2014
769 2835
770 3508
771 1485
772 2202
772 3296
772 3488
773 1358
773 1955
773 2388
773 3686
774 1200
774 1988
774 2248
774 2308
774 2946
775 832
775 856
777 1022
777 2297
779 1325
779 1448
780 1214
780 1402
780 2256
780 3046
780 3057
780 3112
780 3293
780 3344
781 1187
781 1306
781 2802
781 3680
782 1386
782 1516
782 2152
782 2624
782 3941
783 1354
783 2295
783 2422
785 786
786 1792
786 2045
787 905
787 916
787 1051
787 1787
787 2345
787 2406
787 3069
788 1265
788 1651
789 1136
789 1816
789 2588
790 938
790 1934
791 1510
791 1689
791 2518
791 2947
791 3550
792 921
792 2211
793 3837
793 3930
794 1041
794 3314
795 1073
795 2477
795 2578
795 3457
795 3774
797 821
797 985
797 2332
797 3481
798 1635
798 1649
798 2018
798 2566
798 3179
798 3874
799 939
799 1145
799 1165
799 1471
799 2258
799 2272
799 2770
800 816
800 1495
800 2752
805 929
806 1636
806 3795
807 1175
807 1320
807 1547
807 1980
807 2062
807 2128
807 2477
807 2597
809 1163
810 1973
811 2044
811 2573
811 2979
813 854
813 894
813 920
813 1304
814 1770
814 1908
814 2008
814 2287
814 2694
814 3341
814 3582
815 990
815 1439
816 2332
816 3003
817 1744
817 2873
817 2901
817 3246
818 1034
818 1467
818 1541
818 2067
818 2215
818 2992
819 1128
819 2057
819 2293
819 2724
819 2767
820 2142
820 2803
820 3205
821 2458
823 1261
823 1565
823 1641
823 1841
823 2478
823 2510
823 3806
823 3871
824 3872
825 2445
825 3015
826 1337
826 1852
828 1154
828 1222
830 3067
830 3522
831 2683
831 3278
831 3462
832 1615
833 2806
833 3319
833 3390
834 1057
834 1120
834 1141
834 1441
834 2473
834 3763
834 3862
834 3918
834 3956
835 895
835 1992
835 3005
837 3219
838 1505
838 2462
840 1556
840 1666
840 3320
841 1094
842 1948
842 2505
842 3685
844 2133
844 2324
844 3038
845 1717
847 1416
847 2641
847 3790
848 1193
848 1966
849 1347
849 2228
849 2626
849 2805
849 3275
849 3978
850 1394
850 1714
850 2144
850 2455
850 2684
850 2711
851 897
852 973
852 1171
853 955
853 1300
853 1851
853 2338
853 2634
853 2703
853 3026
854 1281
854 1594
854 2298
854 2868
854 2997
855 1356
855 3624
856 2995
857 3079
858 1240
859 992
859 1119
859 1567
859 1600
859 1649
860 1192
860 2285
860 2400
861 1330
861 1917
861 2110
861 2445
861 2630
861 3365
862 1960
862 3437
862 3548
863 1313
864 1838
864 2394
865 2902
866 3788
867 909
867 1784
868 2203
868 2559
869 1562
870 1307
870 1450
870 2169
870 3218
870 3520
871 1324
871 1655
871 2092
871 2208
871 2289
871 2309
871 2399
871 2490
871 2500
871 2875
871 3061
872 3467
872 3607
873 1688
874 950
874 2945
875 1051
875 3075
876 2046
876 2053
876 2502
877 1351
877 1821
877 3435
878 1259
879 1702
880 2227
880 2499
882 1622
882 1745
882 3128
882 3185
884 1046
884 1433
884 1535
884 1580
884 1987
884 2015
885 1152
885 1502
885 2863
891 1453
892 1870
892 2977
893 1055
893 1975
893 2653
893 3142
893 3722
893 3912
896 944
896 1757
896 2004
896 2238
896 2551
896 2585
896 2730
897 1040
897 2504
897 3877
898 1866
900 1554
900 2117
900 3377
901 1338
901 2071
901 2673
901 3835
903 1041
903 2495
903 2550
904 1534
904 2414
904 3824
905 2789
906 1687
906 1759
906 1882
906 1913
906 2488
906 2952
906 3291
906 3832
907 913
907 1294
907 2102
907 2265
908 959
908 1141
908 1219
908 1334
908 1352
908 1763
908 1799
908 1832
909 2227
911 3128
912 2820
912 3171
912 3323
913 1499
913 2257
913 3196
913 3377
914 1080
914 2333
914 2366
914 2953
914 3318
914 3478
915 1587
915 2639
916 1075
917 1266
917 1286
917 2266
917 2609
918 1053
919 2233
919 3595
919 3629
921 1315
921 2311
921 2466
921 2518
921 2615
921 2734
922 1563
922 2456
922 2850
923 1133
923 1621
923 1990
923 2547
923 2760
924 1097
924 1566
924 1862
925 1483
926 1659
926 2119
926 2474
926 2476
926 2637
926 3262
926 3768
927 3709
928 934
928 1079
928 1729
928 1995
929 993
929 1603
929 2156
929 2297
929 2408
929 2769
929 3314
930 978
931 1121
931 1298
931 1726
931 1871
931 3155
933 1247
933 1818
933 1887
933 2828
933 3130
934 1280
934 2160
934 3269
935 1598
935 1819
935 2538
936 1421
936 2198
937 1760
937 2697
937 2889
938 1172
938 1300
938 1558
938 2310
938 2368
938 3498
939 1677
940 1529
940 1638
940 2357
941 1740
941 1968
941 2806
942 1253
942 2698
944 2790
946 1408
946 2000
946 2281
948 3302
948 3303
949 1302
949 1862
949 2345
949 3240
951 1996
951 2755
951 2857
951 3635
954 1027
954 1168
954 3124
955 960
955 1090
955 1930
955 2081
955 2805
955 3799
956 2975
957 1386
961 1250
961 2625
963 2339
963 2576
964 1392
964 2804
965 982
965 1279
965 2392
966 1149
966 3677
967 1841
968 1195
968 1565
968 2151
968 2547
968 2849
969 1310
969 3006
969 3368
969 3552
971 2074
972 1034
972 1359
972 2132
972 2503
972 3414
972 3714
972 3742
974 1184
975 1180
975 2136
976 1459
976 2006
976 2148
977 1449
977 2105
977 2230
977 2705
977 2778
977 3785
979 1777
979 3932
980 1234
980 1263
980 3936
982 1199
982 2757
983 1381
984 1377
984 3984
985 1210
985 3036
986 1186
987 3270
988 3116
989 2387
990 2070
990 3170
991 1593
991 2255
992 1424
992 1785
993 2219
994 1124
994 1204
994 1523
994 1861
994 3294
994 3361
994 3645
995 3189
996 1752
996 3446
998 3011
998 3210
999 1653
1000 3991
1001 2509
1002 1735
1003 1406
1003 1669
1005 1657
1005 3565
1005 3899
1007 1013
1007 1407
1007 1483
1007 1904
1007 1941
1007 2216
1007 2439
1007 3779
1008 1076
1008 1544
1008 1579
1008 2381
1008 2638
1008 3935
1009 2052
1010 1960
1011 3189
1012 1519
1013 3325
1014 1088
1014 1249
1014 1959
1016 1149
1016 1665
1016 1829
1016 2640
1016 3885
1017 1242
1019 1879
1019 2437
1019 2794
1019 2996
1019 3540
1021 1043
1021 1143
1021 3017
1021 3096
1022 1118
1022 2990
1023 2058
1023 3179
1024 2212
1025 1404
1025 1557
1025 2807
1025 2832
1026 1453
1026 2949
1027 1591
1027 2780
1027 3267
1028 1475
1029 2572
1029 3033
1029 3487
1030 1195
1030 2858
1030 3037
1031 1432
1032 1101
1033 2900
1033 3373
1034 1341
1034 2531
1034 3837
1035 1160
1035 1250
1035 1442
1035 1451
1035 3346
1035 3500
1035 3663
1035 3702
1036 2234
1038 1420
1039 3392
1040 1566
1040 1848
1040 2274
1040 2425
1040 2797
1040 3001
1040 3043
1040 3853
1041 1177
1041 2716
1043 3120
1044 1085
1044 2418
1044 2609
1044 2863
1045 1167
1045 2702
1045 3544
1046 1177
1046 1213
1046 1824
1047 2486
1048 1583
1048 3818
1050 2316
1052 3139
1053 1058
1053 1259
1053 2512
1053 2726
1053 3259
1054 2009
1056 1713
1057 1130
1057 1232
1058 1173
1058 1732
1058 2706
1058 2779
1058 2869
1059 1611
1059 3597
1059 3873
1060 2665
1060 3868
1062 1098
1063 3881
1065 1106
1065 1221
1065 2135
1065 2253
1065 2496
1065 3543
1065 3561
1066 1171
1066 1779
1066 2288
1066 2306
1066 2450
1066 2747
1066 2835
1066 3420
1066 3447
1066 3937
1068 1293
1069 3752
1070 1346
1070 1718
1072 2123
1072 2247
1072 3621
1074 2373
1074 2633
1075 1892
1075 3606
1076 1187
1076 1248
1076 1435
1076 1772
1076 3171
1076 3201
1076 3750
1078 3802
1079 1093
1079 2836
1079 3365
1080 2741
1081 2155
1081 2495
1081 2632
1081 2793
1081 3046
1081 3116
1081 3448
1083 1633
1083 1945
1084 1286
1084 1456
1084 1833
1084 2072
1084 2185
1084 2347
1084 2663
1084 3421
1084 3617
1084 3828
1085 2624
1085 3791
1089 2134
1089 2304
1089 2326
1090 1226
1091 3086
1091 3783
1092 1427
1093 3190
1094 1202
1094 2070
1094 2984
1094 3107
1094 3432
1095 1110
1095 1387
1095 3816
1096 2459
1096 3817
1097 1743
1098 1238
1098 2892
1099 1371
1100 1993
1100 2579
1101 1854
1101 1860
1101 2356
1101 2678
1101 3857
1102 1570
1102 1628
1102 2788
1103 1283
1103 1654
1104 1359
1104 2104
1105 2972
1105 3715
1106 2200
1108 2327
1108 2848
1108 3434
1110 2063
1115 1248
1116 2957
1117 2965
1118 2921
1118 3248
1119 3554
1119 3815
1121 1203
1121 1687
1121 1839
1123 1749
1123 2438
1123 3556
1124 1289
1124 3986
1127 1282
1128 1680
1128 2229
1129 1551
1129 2016
1130 1404
1130 2235
1130 3042
1131 2720
1132 1427
1132 3040
1132 3258
1133 1384
1133 3009
1134 1449
1134 2761
1134 2791
1135 1485
1135 1934
1135 2769
1138 3864
1141 2015
1141 2022
1143 1503
1145 1206
1145 1584
1147 1376
1147 3727
1148 1513
1148 1620
1148 2055
1148 2165
1149 1613
1149 3358
1150 1211
1150 2819
1150 3261
1151 1198
1151 2145
1151 3502
1153 1156
1153 2066
1153 2135
1153 2546
1153 3620
1153 3765
1154 1363
1154 1741
1155 1179
1156 1798
1156 3470
1157 1301
1157 1469
1157 1548
1157 1937
1157 2334
1157 3102
1158 2972
1158 3494
1158 3676
1160 1670
1160 2242
1160 2330
1161 1455
1162 3060
1163 1458
1163 1470
1163 1899
1163 2265
1163 3031
1163 3637
1163 3650
1165 1256
1165 1974
1166 2913
1167 3418
1167 3482
1168 2876
1169 1403
1169 2125
1170 1707
1170 2224
1170 2365
1170 2577
1170 2820
1170 2941
1173 1922
1174 2184
1175 1189
1175 1291
1175 1681
1175 1712
1175 2335
1175 3269
1176 2460
1176 2881
1176 3110
1176 3550
1177 2939
1177 3759
1178 1237
1178 1245
1178 2544
1178 3796
1179 2794
1179 3660
1182 1342
1183 1894
1184 3690
1185 1343
1185 1726
1185 2695
1185 3388
1185 3805
1186 1750
1187 3747
1189 3172
1190 3917
1191 1585
1191 1942
1192 3457
1192 3688
1193 2571
1194 1736
1194 2610
1195 1268
1195 2028
1195 3344
1196 3656
1198 2413
1202 1487
1202 2944
1204 1224
1204 1650
1204 2303
1205 1843
1205 3938
1207 2439
1207 2478
1207 3670
1208 3349
1209 3746
1209 3854
1210 2122
1211 1642
1211 2052
1211 2462
1212 2335
1213 2253
1214 1350
1214 1941
1214 2905
1214 3753
1215 1549
1215 1622
1215 2346
1218 1778
1222 1480
1223 2553
1223 3391
1225 1508
1225 1634
1225 2243
1226 2247
1226 3003
1226 3528
1227 1344
1227 1509
1227 1564
1227 1754
1227 1982
1227 3646
1228 3427
1230 3661
1231 1817
1231 2858
1231 2991
1232 2259
1232 3472
1233 1816
1233 2199
1233 3332
1233 3868
1236 2491
1237 1374
1238 2002
1238 2370
1238 2708
1240 1382
1240 2239
1241 1373
1242 3517
1243 1280
1245 1824
1245 3292
1247 3089
1249 1872
1250 2402
1251 3200
1251 3250
1252 1701
1252 1799
1252 1929
1252 2652
1252 3214
1252 3463
1254 1635
1256 1871
1256 2301
1257 1575
1257 3623
1259 2098
1259 2241
1260 1620
1260 2266
1261 1277
1261 3962
1263 3472
1264 1703
1264 1804
1264 1855
1264 3385
1264 3640
1264 3987
1265 1424
1265 1528
1265 3510
1268 2078
1268 3279
1268 3473
1269 1489
1270 3386
1271 1660
1271 2254
1271 2766
1271 3000
1276 2196
1276 3538
1281 3547
1282 3272
1282 3545
1282 3580
1282 3736
1282 3737
1283 2351
1283 2471
1284 3329
1285 2586
1285 2855
1285 3343
1285 3732
1285 3924
1286 2283
1288 1727
1288 2443
1288 2799
1288 3745
1292 1616
1292 3129
1293 2026
1293 3111
1294 1417
1294 2446
1294 2679
1294 2815
1295 2829
1295 3469
1296 2712
1297 2396
1298 1701
1298 2280
1298 2537
1298 2584
1299 3661
1300 1730
1300 2890
1301 1482
1302 2095
1302 2676
1303 3288
1304 1653
1304 2494
1304 2579
1304 3441
1305 2074
1307 3561
1309 1571
1309 1832
1309 2108
1309 2730
1309 3772
1310 3161
1311 1633
1311 2106
1311 3345
1312 2174
1314 1617
1314 1853
1314 2558
1314 3353
1316 1795
1316 3054
1316 3197
1317 2510
1317 3376
1320 1354
1322 2294
1323 1454
1325 2033
1327 1578
1327 3115
1327 3192
1327 3359
1327 3862
1328 3040
1329 3474
1331 1387
1331 1768
1331 2128
1331 2422
1331 2679
1331 3482
1332 3112
1332 3144
1333 1446
1333 1624
1333 1863
1333 3324
1334 2246
1334 2413
1334 2475
1334 2877
1335 2833
1335 3637
1337 3614
1338 2177
1341 1445
1341 1690
1341 3163
1343 1405
1343 1765
1343 3530
1345 1916
1347 2580
1347 2998
1349 1573
1349 2291
1350 1463
1350 1491
1350 1874
1350 2405
1350 3337
1351 1560
1351 1945
1351 3273
1353 3893
1355 2652
1355 2982
1356 2487
1356 2545
1356 2671
1356 3481
1359 1976
1360 2191
1360 3505
1360 3744
1361 2083
1361 2528
1361 3499
1362 2407
1362 2895
1363 1768
1365 3867
1368 1423
1368 3254
1368 3909
1371 1415
1372 3153
1373 2866
1375 3380
1375 3489
1376 1632
1377 2264
1377 3707
1379 3174
1381 1924
1381 2091
1382 1640
1383 1903
1384 2884
1384 3974
1386 2195
1386 2305
1387 1724
1388 2377
1389 1471
1389 1609
1389 1796
1389 2010
1389 3037
1392 3940
1394 1589
1395 1780
1395 2777
1395 3914
1397 1864
1397 2407
1398 2085
1398 3624
1400 1753
1400 3430
1400 3634
1401 1840
1402 3263
1403 1444
1403 1775
1403 2796
1404 1461
1404 2808
1404 3629
1406 1516
1406 2278
1406 2307
1406 2358
1406 2678
1408 2026
1408 2256
1408 2493
1408 3396
1411 2938
1412 2869
1414 1474
1414 2308
1414 3674
1419 1567
1420 1458
1420 3709
1421 1555
1421 3428
1421 3645
1423 2106
1425 1734
1425 3028
1426 1538
1427 1782
1428 2768
1429 1603
1429 3196
1430 1443
1430 2076
1430 3609
1432 3410
1433 1866
1435 2222
1437 3560
1438 2111
1438 2699
1438 3055
1439 1569
1439 1719
1439 1878
1441 2117
1441 3342
1441 3532
1442 3605
1442 3835
1444 1711
1445 2450
1448 1640
1448 3745
1452 1877
1453 1553
1453 2635
1457 2412
1457 2877
1458 1606
1458 1700
1458 3255
1459 1721
1459 1837
1459 1967
1459 3135
1459 3580
1460 1494
1460 3052
1460 3252
1461 1893
1462 1467
1462 2355
1464 2096
1464 2918
1465 2575
1467 1561
1467 3328
1467 3938
1469 2493
1469 3327
1471 2368
1472 2075
1472 2621
1472 3049
1473 2059
1474 3305
1474 3925
1477 3120
1478 2867
1478 3688
1479 1817
1480 2139
1480 2503
1481 1602
1481 2867
1482 1801
1482 2627
1486 2043
1486 2650
1486 2713
1486 3712
1489 1771
1489 3372
1490 2895
1491 3598
1495 2584
1497 1867
1497 2089
1499 1739
1499 1788
1499 1820
1499 2841
1500 2719
1501 2839
1503 1738
1503 3076
1503 3220
1504 2314
1506 3047
1506 3137
1506 3342
1511 2216
1512 3428
1512 3720
1513 1698
1513 3513
1514 1956
1514 3084
1517 1938
1517 3772
1519 1610
1519 1704
1519 1875
1519 1916
1519 2984
1521 1874
1521 2742
1521 3733
1522 2151
1523 1678
1525 3113
1527 2842
1528 2194
1528 2219
1528 3739
1532 1583
1534 1825
1534 1969
1534 2205
1534 2922
1534 3310
1535 2242
1535 3520
1538 1733
1538 1885
1538 1932
1538 2454
1538 2514
1538 2838
1538 3060
1538 3737
1539 2315
1539 3504
1540 2126
1541 1690
1542 3847
1543 1626
1543 3996
1545 2635
1545 3226
1545 3334
1547 2781
1549 1772
1552 1685
1552 2097
1552 2952
1553 2391
1555 3050
1558 3799
1560 2321
1561 1672
1561 3378
1563 2880
1564 2699
1565 2469
1565 2988
1565 3151
1565 3387
1565 3682
1567 3807
1568 3266
1568 3460
1569 2059
1569 3159
1570 3681
1570 3866
1571 1679
1571 2056
1571 2134
1571 2186
1571 3257
1571 3286
1576 3920
1577 1731
1577 3904
1578 2436
1578 3708
1580 1842
1580 1994
1581 2681
1582 1888
1582 2361
1583 2114
1583 2511
1583 2886
1583 3301
1584 1589
1586 1901
1588 2161
1588 3260
1589 2435
1589 3332
1589 3341
1589 3588
1590 3536
1592 2176
1592 2627
1593 2062
1593 2072
1593 2497
1594 3071
1594 3235
1594 3866
1595 2467
1596 2736
1596 2996
1596 3150
1598 3507
1599 2911
1600 3801
1600 3923
1601 1676
1602 1885
1604 2551
1605 3894
1606 1881
1606 2100
1608 3598
1609 1937
1609 2272
1610 2608
1615 2825
1617 3679
1619 2949
1621 2762
1621 3166
1622 2893
1628 1828
1628 2019
1628 2077
1628 2217
1628 2508
1628 2920
1628 3568
1628 3935
1629 2240
1630 2176
1630 2720
1630 2811
1632 1671
1632 1743
1632 2438
1632 2819
1633 2728
1634 2860
1640 3141
1640 3544
1643 2733
1643 2843
1643 3910
1644 2359
1644 3169
1644 3618
1647 1914
1647 3107
1649 3976
1652 1706
1652 3700
1653 1789
1653 2189
1653 2292
1653 2588
1653 2929
1654 2391
1655 1890
1656 1999
1657 1859
1657 2771
1658 3668
1659 2037
1659 2536
1660 2887
1663 2666
1663 2762
1663 2796
1663 3943
1664 3612
1665 1696
1667 2030
1668 1793
1668 2948
1670 2203
1670 2774
1672 2534
1672 3231
1672 3444
1675 1694
1676 2706
1676 3315
1677 2713
1681 3061
1682 2011
1682 3400
1685 2043
1685 2673
1685 3716
1687 2371
1689 2024
1689 2870
1689 3397
1690 2053
1691 2399
1691 3113
1693 2441
1693 3148
1693 3608
1694 1921
1694 3317
1695 2721
1696 3359
1697 3436
1698 2116
1698 2159
1698 2897
1698 3291
1698 3464
1698 3491
1699 1722
1700 2181
1700 2423
1700 2924
1701 2037
1703 2021
1703 3099
1706 1981
1706 2431
1706 2498
1706 3084
1710 3416
1711 3689
1712 2452
1714 2004
1716 1757
1717 2162
1717 2437
1718 2328
1719 2842
1721 2115
1721 2180
1721 3385
1726 2325
1729 2854
1730 2885
1734 1965
1734 2054
1734 2654
1736 1867
1737 1738
1737 1821
1737 2036
1737 2337
1737 2718
1737 3195
1737 3451
1737 3789
1738 2235
1740 2524
1741 1956
1742 3710
1745 1978
1745 2691
1745 2701
1745 2814
1745 2826
1745 2829
1745 3030
1745 3350
1745 3904
1746 3704
1746 3738
1747 2351
1748 1751
1748 1997
1748 3973
1749 3271
1749 3574
1751 3859
1761 1907
1761 2289
1761 3099
1761 3459
1762 1898
1764 1784
1764 3191
1764 3281
1765 1837
1766 3114
1768 3626
1769 2129
1771 3813
1775 2379
1775 2430
1776 1930
1776 2270
1776 2444
1776 2536
1776 3594
1781 3154
1781 3858
1782 3180
1783 3664
1783 3804
1784 2927
1785 2526
1785 3187
1785 3479
1785 3683
1791 1886
1791 3697
1793 1794
1795 2356
1795 2546
1795 2816
1796 1822
1796 2393
1796 3928
1797 2114
1797 2367
1797 3895
1798 2974
1799 1952
1799 3028
1799 3990
1804 2644
1805 3786
1807 3870
1809 3553
1811 3880
1812 2933
1812 3401
1812 3880
1816 2781
1817 2199
1817 2474
1817 3110
1817 3292
1817 3413
1820 3523
1822 2320
1826 3639
1828 2153
1829 3834
1830 2617
1830 3387
1833 2879
1834 3658
1835 3121
1840 1965
1840 3483
1842 2670
1842 3273
1843 3045
1843 3371
1845 1889
1845 2865
1848 2580
1849 3360
1850 2535
1852 3336
1854 2284
1856 2036
1856 2409
1856 2464
1857 2440
1857 2965
1857 3970
1859 3602
1861 3400
1861 3516
1862 3048
1862 3083
1862 3741
1862 3879
1865 2771
1865 2810
1865 3206
1870 3701
1871 2404
1871 3964
1872 2213
1872 2360
1872 2931
1872 2950
1873 2346
1874 1915
1875 2827
1878 1919
1878 3247
1879 2178
1881 2030
1881 3103
1881 3393
1883 2528
1884 3535
1885 3916
1887 1911
1888 3135
1889 1964
1889 2654
1889 2656
1889 3488
1890 2993
1891 3820
1892 3347
1895 2041
1895 3394
1898 2591
1898 3453
1898 3505
1899 1979
1899 3145
1901 3352
1902 2269
1902 2430
1902 2882
1903 3794
1904 2347
1907 2155
1912 1947
1914 2238
1915 3854
1916 2920
1921 3041
1924 2939
1924 3743
1926 2628
1928 2986
1931 2148
1932 2039
1932 3215
1933 2671
1933 2838
1933 3859
1934 2738
1936 2607
1936 2926
1939 2995
1940 2187
1940 2408
1940 2521
1940 2688
1942 2146
1942 3220
1943 3312
1944 2231
1946 2221
1946 3484
1946 3801
1947 2162
1949 3014
1949 3604
1950 1953
1950 2919
1950 3309
1951 2258
1951 2734
1951 3399
1952 2013
1952 2817
1952 3539
1953 2163
1953 3777
1953 3795
1953 3796
1954 2798
1954 2864
1960 2082
1961 2362
1961 3978
1963 3606
1966 2119
1966 2666
1966 2955
1967 2060
1968 2590
1968 2882
1970 2451
1971 2338
1972 3183
1975 2672
1975 2931
1976 2380
1977 2642
1977 2698
1977 3906
1978 1994
1978 3622
1979 3525
1981 2370
1981 3658
1981 3712
1983 2782
1988 3759
1990 3034
1991 2186
1995 3926
1996 2516
1996 3696
1997 2593
1997 3998
1998 2094
1998 2574
1999 2879
1999 3603
1999 3678
2002 3146
2005 3954
2005 3981
2006 3933
2009 3072
2009 3251
2009 3323
2009 3424
2010 2307
2011 2079
2012 3897
2013 2138
2015 3080
2015 3312
2015 3454
2016 2197
2016 2386
2016 2602
2017 2941
2019 2416
2019 2816
2020 2811
2022 2116
2024 2977
2026 2342
2027 2749
2027 3646
2033 2385
2038 3514
2040 3058
2041 2331
2041 3453
2041 3887
2044 2395
2045 2840
2046 2803
2049 3936
2050 3018
2052 2273
2053 3246
2053 3354
2055 2611
2058 2643
2058 3022
2059 2166
2059 2614
2060 2061
2060 2824
2060 3164
2060 3308
2062 2543
2062 3053
2063 2776
2064 2300
2064 2690
2066 2448
2067 2436
2068 2684
2069 2313
2071 2217
2071 3876
2073 2384
2073 3761
2075 3523
2076 2774
2078 2208
2080 2259
2083 3611
2085 3241
2086 2515
2089 3706
2093 2612
2093 2878
2093 3667
2095 2468
2096 2818
2096 3304
2098 2343
2098 3186
2098 3375
2098 3865
2098 3883
2102 2662
2102 2694
2102 3742
2107 2481
2107 2519
2107 3450
2108 2616
2108 3049
2108 3558
2109 2515
2110 2646
2113 2206
2113 3339
2115 2754
2115 3194
2115 3295
2118 2204
2118 2792
2119 2166
2120 2856
2120 3351
2120 3968
2121 2249
2123 2764
2125 2828
2127 3338
2130 3090
2131 2178
2131 2295
2131 2710
2131 3419
2131 3452
2131 3558
2132 3825
2135 2239
2135 3266
2135 3335
2136 2896
2136 3000
2137 2994
2138 2631
2142 3537
2145 2333
2145 2378
2145 3946
2146 2937
2146 3729
2147 3528
2148 3280
2148 3373
2149 2305
2149 3057
2150 3160
2151 3436
2152 2375
2153 3518
2156 3073
2160 2916
2160 3227
2161 3435
2169 3087
2169 3441
2174 3808
2175 2505
2175 3803
2178 3044
2179 2689
2180 3093
2181 2959
2189 2453
2189 3109
2189 3583
2189 3642
2192 2257
2192 3913
2193 2539
2194 2940
2195 3907
2197 3496
2198 2717
2199 3024
2200 3949
2202 2499
2202 3455
2205 2525
2205 3764
2206 2521
2206 3218
2206 3751
2210 3056
2211 2693
2211 2923
2211 3582
2211 3735
2213 2606
2214 3162
2214 3644
2215 2512
2217 2823
2217 3279
2219 2463
2220 2813
2223 3274
2227 2985
2229 3039
2232 2633
2235 3683
2237 3117
2238 3979
2241 2476
2244 2322
2244 3404
2245 2559
2246 2443
2246 3124
2246 3182
2246 3326
2249 2836
2249 2921
2250 3221
2255 3106
2255 3473
2256 3119
2257 2390
2257 2451
2257 3431
2261 3059
2261 3100
2261 3797
2262 2593
2264 2471
2269 3989
2270 3131
2275 2725
2275 3890
2276 2555
2276 3638
2277 2849
2280 3615
2281 3132
2282 2484
2285 3285
2286 2722
2286 3406
2288 2532
2288 3083
2289 2382
2292 3035
2293 3183
2296 3673
2299 3247
2301 2466
2301 3187
2305 2859
2305 3422
2307 3451
2309 2782
2309 3117
2309 3807
2311 2667
2311 3751
2315 2718
2316 3162
2316 3283
2319 2583
2320 2619
2320 3856
2321 3850
2322 2619
2324 2583
2325 3301
2326 2568
2328 2859
2328 3587
2333 3142
2337 3096
2338 3662
2339 3141
2341 3070
2341 3506
2343 3175
2345 3331
2348 2492
2348 2557
2349 3270
2352 2800
2353 3743
2354 3634
2356 3610
2356 3894
2357 2772
2357 2780
2357 3947
2358 3448
2358 3915
2361 2846
2361 2874
2362 2700
2363 3717
2364 2375
2364 3101
2365 2873
2365 3775
2368 3546
2370 3413
2372 2433
2379 3721
2381 3651
2382 2832
2382 3013
2382 3276
2382 3970
2386 3992
2387 3138
2387 3290
2387 3392
2389 2675
2389 3666
2390 2767
2390 3226
2395 2582
2395 3819
2397 3010
2399 2431
2400 2716
2400 3356
2401 2541
2403 2763
2406 2785
2414 2424
2414 3398
2415 2700
2416 2426
2419 2603
2420 3074
2420 3362
2421 3619
2422 2655
2423 3626
2423 3966
2426 3770
2428 3636
2430 3576
2431 3932
2435 3198
2436 3840
2439 3421
2440 3169
2440 3508
2444 3576
2444 3636
2445 3302
2445 3644
2446 2558
2447 2490
2448 3244
2450 2925
2450 3749
2453 2705
2457 2667
2458 2753
2459 2688
2461 2739
2465 3402
2468 2650
2474 2692
2477 2642
2478 3609
2478 3703
2478 3860
2479 3308
2479 3846
2482 2892
2482 3272
2483 3300
2483 3507
2484 3077
2486 2770
2487 2595
2487 3007
2496 3446
2497 2743
2501 3730
2502 3872
2503 3813
2506 3965
2507 3330
2507 3667
2507 3901
2509 3299
2509 3438
2511 3267
2511 3995
2512 2834
2514 2956
2514 3054
2514 3567
2516 2881
2517 2745
2517 3878
2522 2755
2522 3823
2524 3971
2527 2581
2527 3577
2529 2565
2529 3086
2529 3268
2529 3597
2534 2909
2535 2540
2535 3957
2536 2807
2536 2957
2536 3019
2540 2577
2541 3405
2546 3211
2553 2966
2554 3222
2554 3557
2555 2676
2555 3203
2555 3449
2555 3704
2558 3073
2563 3020
2563 3256
2563 3680
2564 3460
2564 3899
2568 3388
2569 2598
2569 2788
2577 3405
2580 3753
2581 2661
2582 2864
2582 3589
2587 2926
2587 3536
2588 2885
2592 3911
2594 3927
2596 3114
2598 3735
2607 2736
2607 3945
2608 3652
2611 2963
2611 3293
2613 3811
2614 2668
2614 3787
2616 3843
2618 3101
2619 3548
2622 2929
2623 2928
2625 2748
2625 3888
2626 2884
2626 3468
2631 3071
2631 3822
2633 3149
2633 3699
2633 3791
2633 3951
2638 2647
2642 3592
2644 3647
2646 3874
2647 3485
2648 2951
2656 3849
2658 3694
2659 3366
2661 2875
2662 3239
2663 3310
2663 3395
2664 2874
2671 2715
2673 3814
2674 3185
2675 3275
2676 3156
2677 2891
2677 3280
2678 3410
2684 3233
2685 2758
2687 3199
2688 3079
2690 2745
2690 3283
2691 3848
2693 2751
2693 3095
2693 3264
2693 3651
2697 3072
2697 3697
2701 3064
2702 3771
2706 3237
2707 3235
2709 3654
2714 2900
2716 3684
2718 3236
2720 2918
2720 3227
2720 3681
2721 3733
2727 3104
2727 3600
2730 2994
2733 3005
2745 2761
2745 3632
2747 3691
2750 3583
2751 3553
2752 3319
2755 3418
2758 3829
2765 3102
2768 3821
2769 3571
2774 3533
2775 2789
2778 3826
2780 3495
2781 3976
2786 2872
2786 2966
2795 3909
2802 3800
2804 3277
2804 3734
2805 3254
2806 3592
2807 3192
2810 3498
2810 3643
2810 3834
2810 3914
2812 2847
2812 3019
2814 3268
2821 3306
2822 3014
2822 3340
2823 3443
2827 3146
2829 3578
2844 3213
2845 3625
2849 3748
2855 3231
2857 2981
2857 3289
2867 3578
2868 3599
2869 3420
2875 3023
2875 3074
2875 3958
2880 3103
2881 3147
2883 3673
2883 3851
2891 3511
2895 3370
2895 3532
2904 3085
2909 3242
2910 3512
2918 3633
2919 3384
2919 3714
2921 3362
2921 3406
2921 3707
2928 3613
2949 3286
2952 3329
2957 3695
2962 3354
2966 3144
2968 3443
2968 3689
2970 3534
2973 3836
2976 3786
2977 3123
2980 3750
2983 3900
2985 2999
2986 3208
2986 3774
2989 3452
2991 3440
2992 3223
2992 3265
2992 3367
2993 3386
2993 3724
2996 3713
2999 3167
3002 3041
3008 3744
3010 3088
3010 3143
3010 3789
3010 3823
3014 3328
3014 3928
3023 3461
3025 3975
3029 3770
3039 3767
3040 3732
3043 3318
3044 3491
3052 3119
3055 3176
3056 3545
3071 3098
3072 3749
3084 3797
3086 3168
3086 3552
3098 3585
3103 3653
3105 3987
3106 3207
3106 3320
3106 3509
3106 3652
3109 3430
3109 3547
3117 3916
3125 3298
3125 3972
3131 3848
3134 3316
3142 3593
3142 3917
3144 3474
3149 3379
3150 3426
3151 3876
3154 3531
3155 3200
3158 3824
3158 3889
3160 3897
3169 3821
3171 3346
3172 3180
3179 3529
3184 3191
3186 3885
3188 3521
3191 3740
3192 3356
3200 3863
3201 3900
3215 3627
3219 3901
3227 3422
3227 3628
3229 3941
3233 3601
3239 3471
3248 3616
3251 3981
3253 3963
3256 3662
3262 3500
3266 3613
3268 3484
3268 3806
3272 3746
3275 3524
3277 3499
3292 3850
3304 3466
3308 3944
3311 3773
3317 3584
3326 3974
3336 3625
3337 3490
3349 3649
3351 3612
3352 3967
3359 3792
3362 3429
3362 3980
3364 3674
3364 3963
3368 3781
3368 3798
3409 3830
3423 3492
3424 3966
3426 3975
3427 3577
3433 3782
3446 3502
3471 3713
3473 3994
3474 3668
3476 3540
3490 3762
3494 3669
3510 3846
3516 3766
3518 3815
3522 3725
3528 3601
3530 3675
3530 3886
3533 3778
3548 3676
3567 3803
3577 3691
3583 3948
3596 3660
3605 3998
3627 3696
3628 3927
3664 3841
3674 3923
3688 3849
3718 3956
3730 3769
3761 3810
3794 3991
3800 3805
3832 3908
3837 3855
3852 3896
3853 3947
